I
800	# Converted by FS2XPlane 3.11
OBJ

# object 21ad206e49acfc308e93b59ef4619999 in file Ampuriabrava_LEAP_.BGL

TEXTURE		bmp.png
POINT_COUNTS	48 0 0 72

VT	 -45.688    0.000  284.048	-0.958  0.000  0.285	0.0000 1.0000
VT	 -45.688    0.000  284.048	-0.285  0.000 -0.959	0.0000 1.0000
VT	 -45.688    1.064  284.048	-0.958  0.000  0.285	0.0000 1.0000
VT	 -45.688    1.064  284.048	-0.285  0.000 -0.959	0.0000 1.0000
VT	 -45.688    1.064  284.048	 0.000  1.000  0.000	0.0000 1.0000
VT	 -45.652    0.000  284.160	-0.958  0.000  0.285	0.0000 1.0000
VT	 -45.652    0.000  284.160	 0.285  0.000  0.958	0.0000 1.0000
VT	 -45.652    1.064  284.160	-0.958  0.000  0.285	0.0000 1.0000
VT	 -45.652    1.064  284.160	 0.000  1.000  0.000	0.0000 1.0000
VT	 -45.652    1.064  284.160	 0.285  0.000  0.958	0.0000 1.0000
VT	 -45.572    0.000  284.012	-0.285  0.000 -0.959	0.0000 1.0000
VT	 -45.572    0.000  284.012	 0.958  0.000 -0.285	0.0000 1.0000
VT	 -45.572    1.064  284.012	-0.285  0.000 -0.959	0.0000 1.0000
VT	 -45.572    1.064  284.012	 0.000  1.000  0.000	0.0000 1.0000
VT	 -45.572    1.064  284.012	 0.958  0.000 -0.285	0.0000 1.0000
VT	 -45.556    0.900  284.068	-0.285  0.000 -0.958	0.0000 1.0000
VT	 -45.556    0.900  284.068	 0.285  0.000  0.958	0.0000 1.0000
VT	 -45.556    1.000  284.068	-0.285  0.000 -0.958	0.0000 1.0000
VT	 -45.556    1.000  284.068	 0.285  0.000  0.958	0.0000 1.0000
VT	 -45.536    0.000  284.128	 0.285  0.000  0.958	0.0000 1.0000
VT	 -45.536    0.000  284.128	 0.958  0.000 -0.285	0.0000 1.0000
VT	 -45.536    1.064  284.128	 0.000  1.000  0.000	0.0000 1.0000
VT	 -45.536    1.064  284.128	 0.285  0.000  0.958	0.0000 1.0000
VT	 -45.536    1.064  284.128	 0.958  0.000 -0.285	0.0000 1.0000
VT	 -33.404    0.000  280.392	-0.958  0.000  0.285	0.0000 1.0000
VT	 -33.404    0.000  280.392	-0.285  0.000 -0.958	0.0000 1.0000
VT	 -33.404    1.064  280.392	-0.958  0.000  0.285	0.0000 1.0000
VT	 -33.404    1.064  280.392	-0.285  0.000 -0.958	0.0000 1.0000
VT	 -33.404    1.064  280.392	 0.000  1.000  0.000	0.0000 1.0000
VT	 -33.388    0.900  280.448	-0.285  0.000 -0.958	0.0000 1.0000
VT	 -33.388    0.900  280.448	 0.285  0.000  0.958	0.0000 1.0000
VT	 -33.388    1.000  280.448	-0.285  0.000 -0.958	0.0000 1.0000
VT	 -33.388    1.000  280.448	 0.285  0.000  0.958	0.0000 1.0000
VT	 -33.368    0.000  280.508	-0.958  0.000  0.285	0.0000 1.0000
VT	 -33.368    0.000  280.508	 0.285  0.000  0.958	0.0000 1.0000
VT	 -33.368    1.064  280.508	-0.958  0.000  0.285	0.0000 1.0000
VT	 -33.368    1.064  280.508	 0.000  1.000  0.000	0.0000 1.0000
VT	 -33.368    1.064  280.508	 0.285  0.000  0.958	0.0000 1.0000
VT	 -33.288    0.000  280.356	-0.285  0.000 -0.958	0.0000 1.0000
VT	 -33.288    0.000  280.356	 0.958  0.000 -0.285	0.0000 1.0000
VT	 -33.288    1.064  280.356	-0.285  0.000 -0.958	0.0000 1.0000
VT	 -33.288    1.064  280.356	 0.000  1.000  0.000	0.0000 1.0000
VT	 -33.288    1.064  280.356	 0.958  0.000 -0.285	0.0000 1.0000
VT	 -33.256    0.000  280.472	 0.285  0.000  0.958	0.0000 1.0000
VT	 -33.256    0.000  280.472	 0.958  0.000 -0.285	0.0000 1.0000
VT	 -33.256    1.064  280.472	 0.000  1.000  0.000	0.0000 1.0000
VT	 -33.256    1.064  280.472	 0.285  0.000  0.958	0.0000 1.0000
VT	 -33.256    1.064  280.472	 0.958  0.000 -0.285	0.0000 1.0000

IDX10	29 31 17 17 15 29 16 18 32 32
IDX10	30 16 24 26 35 35 33 24 38 40
IDX10	27 27 25 38 44 47 42 42 39 44
IDX10	34 37 46 46 43 34 36 28 41 41
IDX10	45 36 0 2 7 7 5 0 10 12
IDX10	3 3 1 10 20 23 14 14 11 20
IDX10	6 9 22 22 19 6 8 4 13 13
IDX	21
IDX	8

ATTR_no_blend

TRIS	0 72
