I
800	# Converted by FS2XPlane 3.11
OBJ

# object 8222fbad4e1155142e35b2b98d0ee9d4 in file Ampuriabrava_LEAP_.BGL

TEXTURE		Campisem.png
POINT_COUNTS	96 0 0 156

VT	-283.224    0.020 -295.068	 0.000  1.000  0.000	0.6006 0.9952
VT	-275.784    0.000 -269.864	-0.958  0.000  0.285	0.0000 1.0000
VT	-275.784    0.000 -269.864	-0.285  0.000 -0.958	0.0000 1.0000
VT	-275.784    2.320 -269.860	-0.958  0.000  0.285	0.0000 1.0000
VT	-275.784    2.320 -269.860	 0.000 -1.000  0.000	0.0000 1.0000
VT	-275.784    2.440 -269.864	-0.958  0.000  0.285	0.0000 1.0000
VT	-275.784    2.440 -269.864	-0.285  0.000 -0.958	0.0000 1.0000
VT	-275.784    2.440 -269.860	-0.958  0.000  0.285	0.0000 1.0000
VT	-275.784    2.440 -269.860	 0.000  1.000  0.000	0.0000 1.0000
VT	-275.752    0.000 -269.748	-0.958  0.000  0.285	0.0000 1.0000
VT	-275.752    0.000 -269.748	 0.285  0.000  0.958	0.0000 1.0000
VT	-275.752    2.440 -269.748	-0.958  0.000  0.285	0.0000 1.0000
VT	-275.752    2.440 -269.748	 0.285  0.000  0.958	0.0000 1.0000
VT	-275.672    0.000 -269.896	-0.285  0.000 -0.958	0.0000 1.0000
VT	-275.672    0.000 -269.896	 0.958  0.000 -0.285	0.0000 1.0000
VT	-275.672    2.440 -269.896	-0.285  0.000 -0.958	0.0000 1.0000
VT	-275.672    2.440 -269.896	 0.958  0.000 -0.285	0.0000 1.0000
VT	-275.668    2.320 -269.892	 0.000 -1.000  0.000	0.0000 1.0000
VT	-275.668    2.320 -269.892	 0.958  0.000 -0.285	0.0000 1.0000
VT	-275.668    2.440 -269.892	 0.000  1.000  0.000	0.0000 1.0000
VT	-275.668    2.440 -269.892	 0.958  0.000 -0.285	0.0000 1.0000
VT	-275.636    0.000 -269.784	 0.285  0.000  0.958	0.0000 1.0000
VT	-275.636    0.000 -269.784	 0.958  0.000 -0.285	0.0000 1.0000
VT	-275.636    2.440 -269.784	 0.285  0.000  0.958	0.0000 1.0000
VT	-275.636    2.440 -269.784	 0.958  0.000 -0.285	0.0000 1.0000
VT	-273.696    0.000 -262.844	-0.958  0.000  0.285	0.0000 1.0000
VT	-273.696    0.000 -262.844	-0.285  0.000 -0.958	0.0000 1.0000
VT	-273.696    2.440 -262.844	-0.958  0.000  0.285	0.0000 1.0000
VT	-273.696    2.440 -262.844	-0.285  0.000 -0.958	0.0000 1.0000
VT	-273.664    0.000 -262.732	-0.958  0.000  0.285	0.0000 1.0000
VT	-273.664    0.000 -262.732	 0.285  0.000  0.958	0.0000 1.0000
VT	-273.664    2.320 -262.732	-0.958  0.000  0.285	0.0000 1.0000
VT	-273.664    2.320 -262.732	 0.000 -1.000  0.000	0.0000 1.0000
VT	-273.664    2.440 -262.732	-0.958  0.000  0.285	0.0000 1.0000
VT	-273.664    2.440 -262.732	 0.000  1.000  0.000	0.0000 1.0000
VT	-273.664    2.440 -262.732	 0.285  0.000  0.958	0.0000 1.0000
VT	-273.580    0.000 -262.880	-0.285  0.000 -0.958	0.0000 1.0000
VT	-273.580    0.000 -262.880	 0.958  0.000 -0.285	0.0000 1.0000
VT	-273.580    2.440 -262.880	-0.285  0.000 -0.958	0.0000 1.0000
VT	-273.580    2.440 -262.880	 0.958  0.000 -0.285	0.0000 1.0000
VT	-273.548    0.000 -262.764	 0.285  0.000  0.958	0.0000 1.0000
VT	-273.548    0.000 -262.764	 0.958  0.000 -0.285	0.0000 1.0000
VT	-273.548    2.320 -262.768	 0.000 -1.000  0.000	0.0000 1.0000
VT	-273.548    2.320 -262.768	 0.958  0.000 -0.285	0.0000 1.0000
VT	-273.548    2.440 -262.764	 0.000  1.000  0.000	0.0000 1.0000
VT	-273.548    2.440 -262.764	 0.285  0.000  0.958	0.0000 1.0000
VT	-273.548    2.440 -262.764	 0.958  0.000 -0.285	0.0000 1.0000
VT	-266.112    0.020 -237.560	 0.000  1.000  0.000	0.0049 0.9952
VT	-235.300    0.020 -309.328	 0.000  1.000  0.000	0.6006 0.4991
VT	-218.188    0.020 -251.820	 0.000  1.000  0.000	0.0049 0.4991
VT	-187.376    0.020 -323.588	 0.000  1.000  0.000	0.6003 0.9952
VT	-179.940    0.000 -298.380	-0.958  0.000  0.285	0.0000 1.0000
VT	-179.940    0.000 -298.380	-0.285  0.000 -0.958	0.0000 1.0000
VT	-179.940    2.440 -298.380	-0.958  0.000  0.285	0.0000 1.0000
VT	-179.940    2.440 -298.380	-0.285  0.000 -0.958	0.0000 1.0000
VT	-179.940    2.440 -298.380	 0.000  1.000  0.000	0.0000 1.0000
VT	-179.936    2.320 -298.380	-0.958  0.000  0.285	0.0000 1.0000
VT	-179.936    2.320 -298.380	 0.000 -1.000  0.000	0.0000 1.0000
VT	-179.904    0.000 -298.268	-0.958  0.000  0.285	0.0000 1.0000
VT	-179.904    0.000 -298.268	 0.285  0.000  0.958	0.0000 1.0000
VT	-179.904    2.440 -298.268	-0.958  0.000  0.285	0.0000 1.0000
VT	-179.904    2.440 -298.268	 0.285  0.000  0.958	0.0000 1.0000
VT	-179.824    0.000 -298.416	-0.285  0.000 -0.958	0.0000 1.0000
VT	-179.824    0.000 -298.416	 0.958  0.000 -0.285	0.0000 1.0000
VT	-179.824    2.320 -298.412	 0.000 -1.000  0.000	0.0000 1.0000
VT	-179.824    2.320 -298.412	 0.958  0.000 -0.285	0.0000 1.0000
VT	-179.824    2.440 -298.416	-0.285  0.000 -0.958	0.0000 1.0000
VT	-179.824    2.440 -298.416	 0.000  1.000  0.000	0.0000 1.0000
VT	-179.824    2.440 -298.416	 0.958  0.000 -0.285	0.0000 1.0000
VT	-179.788    0.000 -298.300	 0.285  0.000  0.958	0.0000 1.0000
VT	-179.788    0.000 -298.300	 0.958  0.000 -0.285	0.0000 1.0000
VT	-179.788    2.440 -298.300	 0.285  0.000  0.958	0.0000 1.0000
VT	-179.788    2.440 -298.300	 0.958  0.000 -0.285	0.0000 1.0000
VT	-177.852    0.000 -291.364	-0.958  0.000  0.285	0.0000 1.0000
VT	-177.852    0.000 -291.364	-0.285  0.000 -0.958	0.0000 1.0000
VT	-177.852    2.440 -291.364	-0.958  0.000  0.285	0.0000 1.0000
VT	-177.852    2.440 -291.364	-0.285  0.000 -0.958	0.0000 1.0000
VT	-177.816    0.000 -291.252	-0.958  0.000  0.285	0.0000 1.0000
VT	-177.816    0.000 -291.252	 0.285  0.000  0.958	0.0000 1.0000
VT	-177.816    2.320 -291.252	-0.958  0.000  0.285	0.0000 1.0000
VT	-177.816    2.320 -291.252	 0.000 -1.000  0.000	0.0000 1.0000
VT	-177.816    2.440 -291.252	-0.958  0.000  0.285	0.0000 1.0000
VT	-177.816    2.440 -291.252	 0.000  1.000  0.000	0.0000 1.0000
VT	-177.816    2.440 -291.252	 0.285  0.000  0.958	0.0000 1.0000
VT	-177.736    0.000 -291.400	-0.285  0.000 -0.958	0.0000 1.0000
VT	-177.736    0.000 -291.400	 0.958  0.000 -0.285	0.0000 1.0000
VT	-177.736    2.440 -291.400	-0.285  0.000 -0.958	0.0000 1.0000
VT	-177.736    2.440 -291.400	 0.958  0.000 -0.285	0.0000 1.0000
VT	-177.700    0.000 -291.284	 0.285  0.000  0.958	0.0000 1.0000
VT	-177.700    0.000 -291.284	 0.958  0.000 -0.285	0.0000 1.0000
VT	-177.700    2.320 -291.284	 0.000 -1.000  0.000	0.0000 1.0000
VT	-177.700    2.320 -291.284	 0.958  0.000 -0.285	0.0000 1.0000
VT	-177.700    2.440 -291.284	 0.000  1.000  0.000	0.0000 1.0000
VT	-177.700    2.440 -291.284	 0.285  0.000  0.958	0.0000 1.0000
VT	-177.700    2.440 -291.284	 0.958  0.000 -0.285	0.0000 1.0000
VT	-170.264    0.020 -266.080	 0.000  1.000  0.000	0.0047 0.9952

IDX10	48 50 95 95 49 48 0 48 49 49
IDX10	47 0 39 37 41 41 46 39 28 26
IDX10	36 36 38 28 33 29 25 25 27 33
IDX10	45 40 30 30 35 45 16 14 22 22
IDX10	24 16 6 2 13 13 15 6 11 9
IDX10	1 1 5 11 23 21 10 10 12 23
IDX10	87 85 89 89 94 87 76 74 84 84
IDX10	86 76 81 77 73 73 75 81 93 88
IDX10	78 78 83 93 68 63 70 70 72 68
IDX10	54 52 62 62 66 54 60 58 51 51
IDX10	53 60 71 69 59 59 61 71 57 80
IDX10	90 90 64 57 55 67 92 92 82 55
IDX10	68 65 91 91 94 68 81 79 56 56
IDX10	53 81 4 32 42 42 17 4 8 19
IDX10	44 44 34 8 20 18 43 43 46 20
IDX	33
IDX	31
IDX	3
IDX	3
IDX	7
IDX	33

ATTR_no_blend

TRIS	0 156
