I
800	# Converted by FS2XPlane 3.11
OBJ

# object 1ec7a210428ca268cef27685ffdcb529 in file Ampuriabrava_LEAP_.BGL

TEXTURE		bmp.png
POINT_COUNTS	48 0 0 72

VT	 -39.240    0.000  245.856	-0.958  0.000  0.285	0.0000 1.0000
VT	 -39.240    0.000  245.856	-0.285  0.000 -0.958	0.0000 1.0000
VT	 -39.240    1.064  245.856	-0.958  0.000  0.285	0.0000 1.0000
VT	 -39.240    1.064  245.856	-0.285  0.000 -0.958	0.0000 1.0000
VT	 -39.240    1.064  245.856	 0.000  1.000  0.000	0.0000 1.0000
VT	 -39.208    0.000  245.968	-0.958  0.000  0.285	0.0000 1.0000
VT	 -39.208    0.000  245.968	 0.285  0.000  0.959	0.0000 1.0000
VT	 -39.208    1.064  245.968	-0.958  0.000  0.285	0.0000 1.0000
VT	 -39.208    1.064  245.968	 0.000  1.000  0.000	0.0000 1.0000
VT	 -39.208    1.064  245.968	 0.285  0.000  0.959	0.0000 1.0000
VT	 -39.128    0.000  245.820	-0.285  0.000 -0.958	0.0000 1.0000
VT	 -39.128    0.000  245.820	 0.958  0.000 -0.285	0.0000 1.0000
VT	 -39.128    1.064  245.820	-0.285  0.000 -0.958	0.0000 1.0000
VT	 -39.128    1.064  245.820	 0.000  1.000  0.000	0.0000 1.0000
VT	 -39.128    1.064  245.820	 0.958  0.000 -0.285	0.0000 1.0000
VT	 -39.112    0.900  245.876	-0.285  0.000 -0.958	0.0000 1.0000
VT	 -39.112    0.900  245.876	 0.285  0.000  0.958	0.0000 1.0000
VT	 -39.112    1.000  245.876	-0.285  0.000 -0.958	0.0000 1.0000
VT	 -39.112    1.000  245.876	 0.285  0.000  0.958	0.0000 1.0000
VT	 -39.092    0.000  245.936	 0.285  0.000  0.959	0.0000 1.0000
VT	 -39.092    0.000  245.936	 0.958  0.000 -0.285	0.0000 1.0000
VT	 -39.092    1.064  245.936	 0.000  1.000  0.000	0.0000 1.0000
VT	 -39.092    1.064  245.936	 0.285  0.000  0.959	0.0000 1.0000
VT	 -39.092    1.064  245.936	 0.958  0.000 -0.285	0.0000 1.0000
VT	 -26.960    0.000  242.200	-0.958  0.000  0.285	0.0000 1.0000
VT	 -26.960    0.000  242.200	-0.285  0.000 -0.958	0.0000 1.0000
VT	 -26.960    1.064  242.200	-0.958  0.000  0.285	0.0000 1.0000
VT	 -26.960    1.064  242.200	-0.285  0.000 -0.958	0.0000 1.0000
VT	 -26.960    1.064  242.200	 0.000  1.000  0.000	0.0000 1.0000
VT	 -26.940    0.900  242.256	-0.285  0.000 -0.958	0.0000 1.0000
VT	 -26.940    0.900  242.256	 0.285  0.000  0.958	0.0000 1.0000
VT	 -26.940    1.000  242.256	-0.285  0.000 -0.958	0.0000 1.0000
VT	 -26.940    1.000  242.256	 0.285  0.000  0.958	0.0000 1.0000
VT	 -26.924    0.000  242.316	-0.958  0.000  0.285	0.0000 1.0000
VT	 -26.924    0.000  242.316	 0.285  0.000  0.958	0.0000 1.0000
VT	 -26.924    1.064  242.316	-0.958  0.000  0.285	0.0000 1.0000
VT	 -26.924    1.064  242.316	 0.000  1.000  0.000	0.0000 1.0000
VT	 -26.924    1.064  242.316	 0.285  0.000  0.958	0.0000 1.0000
VT	 -26.844    0.000  242.164	-0.285  0.000 -0.958	0.0000 1.0000
VT	 -26.844    0.000  242.164	 0.958  0.000 -0.285	0.0000 1.0000
VT	 -26.844    1.064  242.164	-0.285  0.000 -0.958	0.0000 1.0000
VT	 -26.844    1.064  242.164	 0.000  1.000  0.000	0.0000 1.0000
VT	 -26.844    1.064  242.164	 0.958  0.000 -0.285	0.0000 1.0000
VT	 -26.808    0.000  242.280	 0.285  0.000  0.958	0.0000 1.0000
VT	 -26.808    0.000  242.280	 0.958  0.000 -0.285	0.0000 1.0000
VT	 -26.808    1.064  242.280	 0.000  1.000  0.000	0.0000 1.0000
VT	 -26.808    1.064  242.280	 0.285  0.000  0.958	0.0000 1.0000
VT	 -26.808    1.064  242.280	 0.958  0.000 -0.285	0.0000 1.0000

IDX10	29 31 17 17 15 29 16 18 32 32
IDX10	30 16 24 26 35 35 33 24 38 40
IDX10	27 27 25 38 44 47 42 42 39 44
IDX10	34 37 46 46 43 34 36 28 41 41
IDX10	45 36 0 2 7 7 5 0 10 12
IDX10	3 3 1 10 20 23 14 14 11 20
IDX10	6 9 22 22 19 6 8 4 13 13
IDX	21
IDX	8

ATTR_no_blend

TRIS	0 72
