I
800	# Converted by FS2XPlane 3.11
OBJ

# object bf99844943b876d2c8a565a066b6f4c3 in file Cesda.BGL

TEXTURE		CESDA4.png
POINT_COUNTS	36 0 0 54

VT	 -53.860    4.376    4.244	 0.707  0.000 -0.707	0.0271 0.4938
VT	 -53.860    8.376    4.244	 0.707  0.000 -0.707	0.0271 0.7926
VT	 -52.772    8.376   -3.136	-0.707  0.000 -0.707	0.6275 0.6430
VT	 -52.772    8.376   -3.136	-0.707  0.000  0.707	0.4374 0.6270
VT	 -52.772    8.376   -3.136	 0.000 -1.000  0.000	0.9995 0.0005
VT	 -52.772   10.452   -3.136	-0.707  0.000 -0.707	0.6283 0.4917
VT	 -52.772   10.452   -3.136	-0.707  0.000  0.707	0.4368 0.7580
VT	 -52.772   10.452   -3.136	 0.000  1.000  0.000	0.1986 0.3148
VT	 -51.740    8.376  -14.848	 0.707  0.000 -0.707	0.8895 0.9101
VT	 -51.728    0.376  -14.836	 0.707  0.000 -0.707	0.8870 -0.0010
VT	 -50.648    8.376   -5.256	-0.707  0.000 -0.707	0.4933 0.6377
VT	 -50.648    8.376   -5.256	 0.000 -1.000  0.000	0.0005 0.0005
VT	 -50.648    8.376   -5.256	 0.707  0.000 -0.707	0.4425 0.6222
VT	 -50.648    8.376   -1.016	-0.707  0.000  0.707	0.5638 0.6350
VT	 -50.648    8.376   -1.016	 0.000 -1.000  0.000	0.9995 0.9995
VT	 -50.648    8.376   -1.016	 0.707  0.000  0.707	0.6058 0.6044
VT	 -50.648   10.452   -5.256	-0.707  0.000 -0.707	0.4927 0.4931
VT	 -50.648   10.452   -5.256	 0.000  1.000  0.000	0.1996 0.3155
VT	 -50.648   10.452   -5.256	 0.707  0.000 -0.707	0.4430 0.7631
VT	 -50.648   10.452   -1.016	-0.707  0.000  0.707	0.5652 0.7736
VT	 -50.648   10.452   -1.016	 0.000  1.000  0.000	0.1984 0.3167
VT	 -50.648   10.452   -1.016	 0.707  0.000  0.707	0.6058 0.4160
VT	 -48.528    8.376   -3.136	 0.000 -1.000  0.000	0.0005 0.9995
VT	 -48.528    8.376   -3.136	 0.707  0.000 -0.707	0.5559 0.6300
VT	 -48.528    8.376   -3.136	 0.707  0.000  0.707	0.4884 0.5989
VT	 -48.528   10.452   -3.136	 0.000  1.000  0.000	0.1953 0.3150
VT	 -48.528   10.452   -3.136	 0.707  0.000 -0.707	0.5564 0.7714
VT	 -48.528   10.452   -3.136	 0.707  0.000  0.707	0.4884 0.4204
VT	 -47.496    4.376   -2.120	-0.707  0.000  0.707	0.0270 0.4850
VT	 -47.496    4.376   10.608	 0.707  0.000 -0.707	0.3280 0.4900
VT	 -47.496    8.376   -2.120	-0.707  0.000  0.707	0.0258 0.7955
VT	 -47.496    8.376   10.608	 0.707  0.000 -0.707	0.3280 0.8323
VT	 -41.132    4.376    4.244	-0.707  0.000  0.707	0.3469 0.4886
VT	 -41.132    8.376    4.244	-0.707  0.000  0.707	0.3469 0.8364
VT	 -36.888    8.376    0.000	 0.707  0.000 -0.707	0.0257 0.7953
VT	 -36.880    0.376    0.012	 0.707  0.000 -0.707	0.0258 0.1185

IDX10	27 24 15 15 21 27 3 6 19 23
IDX10	26 18 19 13 3 10 16 5 5 2
IDX10	10 17 25 20 20 7 17 11 4 14
IDX10	28 30 33 8 9 35 35 34 8 1
IDX10	0 29 29 31 1 33 32 28 18 12
IDX	23
IDX	14
IDX	22
IDX	11

ATTR_no_blend

TRIS	0 54
