I
800	# Converted by FS2XPlane 3.26
OBJ

# file LEGU_BUILDING.bgl

TEXTURE		LEGU_Wood_Cherry_Original_.dds
POINT_COUNTS	16 0 0 24

VT	   3.168    2.116   24.400	 0.000  1.000 -0.000	10.7826 15.3013
VT	   3.168    2.116   24.400	-0.409  0.000 -0.913	-3.5821 1.1014
VT	   3.168    2.116   24.400	-0.913  0.000  0.409	18.3729 1.1014
VT	   3.168    0.448   24.400	-0.409  0.000 -0.913	-3.5821 0.1897
VT	   3.168    0.448   24.400	-0.913  0.000  0.409	18.3729 0.1897
VT	   3.232    2.116   24.372	 0.000  1.000 -0.000	10.7476 15.3170
VT	   3.232    2.116   24.372	-0.409  0.000 -0.913	-3.5438 1.1014
VT	   3.232    0.448   24.372	-0.409  0.000 -0.913	-3.5438 0.1897
VT	   3.500    2.116   25.140	 0.409  0.000  0.913	3.5821 1.1014
VT	   3.500    2.116   25.140	 0.000  1.000 -0.000	10.6011 14.8963
VT	   3.500    2.116   25.140	-0.913  0.000  0.409	17.9291 1.1014
VT	   3.500    0.448   25.140	 0.409  0.000  0.913	3.5821 0.1897
VT	   3.500    0.448   25.140	-0.913  0.000  0.409	17.9291 0.1897
VT	   3.564    2.116   25.112	 0.409  0.000  0.913	3.5438 1.1014
VT	   3.564    2.116   25.112	 0.000  1.000 -0.000	10.5661 14.9120
VT	   3.564    0.448   25.112	 0.409  0.000  0.913	3.5438 0.1897

IDX10	2 4 10 7 3 6 1 6 3 0
IDX10	9 5 14 5 9 11 15 8 13 8
IDX	15
IDX	12
IDX	10
IDX	4

ATTR_no_blend

TRIS	0 24
