I
800	# Converted by FS2XPlane 3.11
OBJ

# object 47454f4657494c4cffff0001ffff00b8 in file gw_people.BGL scaled x1.13

TEXTURE		peeps01.png
POINT_COUNTS	48 0 0 72

VT	  -1.216    0.000    0.136	-0.749  0.000  0.663	0.1434 0.7971
VT	  -1.216    0.000    0.136	-0.663  0.000 -0.749	0.1162 0.7534
VT	  -1.216    0.000    0.136	 0.000 -1.000  0.000	0.1167 0.7529
VT	  -1.216    2.034    0.136	-0.749  0.000  0.663	0.1434 0.8399
VT	  -1.216    2.034    0.136	-0.663  0.000 -0.749	0.1162 0.9995
VT	  -1.216    2.034    0.136	 0.000  1.000  0.000	0.1210 0.8049
VT	  -1.144    0.000    0.221	-0.749  0.000  0.663	0.1605 0.7971
VT	  -1.144    0.000    0.221	 0.000 -1.000  0.000	0.0182 0.7529
VT	  -1.144    0.000    0.221	 0.663  0.000  0.749	0.0182 0.7529
VT	  -1.144    2.034    0.221	-0.749  0.000  0.663	0.1605 0.8399
VT	  -1.144    2.034    0.221	 0.000  1.000  0.000	0.1395 0.8049
VT	  -1.144    2.034    0.221	 0.663  0.000  0.749	0.0182 1.0000
VT	  -0.457    0.000   -0.538	-0.663  0.000 -0.749	0.0187 0.7534
VT	  -0.457    0.000   -0.538	 0.000 -1.000  0.000	0.1167 1.0000
VT	  -0.457    0.000   -0.538	 0.749  0.000 -0.663	0.1426 0.8008
VT	  -0.457    2.034   -0.538	-0.663  0.000 -0.749	0.0187 0.9995
VT	  -0.457    2.034   -0.538	 0.000  1.000  0.000	0.1210 0.8515
VT	  -0.457    2.034   -0.538	 0.749  0.000 -0.663	0.1426 0.8507
VT	  -0.380    0.000   -0.452	 0.000 -1.000  0.000	0.0182 1.0000
VT	  -0.380    0.000   -0.452	 0.663  0.000  0.749	0.1167 0.7529
VT	  -0.380    0.000   -0.452	 0.749  0.000 -0.663	0.1227 0.8008
VT	  -0.380    2.034   -0.452	 0.000  1.000  0.000	0.1395 0.8515
VT	  -0.380    2.034   -0.452	 0.663  0.000  0.749	0.1167 1.0000
VT	  -0.380    2.034   -0.452	 0.749  0.000 -0.663	0.1227 0.8507
VT	   1.302    0.000    0.728	-1.000  0.000  0.000	0.4920 0.4920
VT	   1.302    0.000    0.728	 0.000 -1.000  0.000	0.9995 0.9995
VT	   1.302    0.000    0.728	 0.000  0.000 -1.000	0.9995 0.0005
VT	   1.302    0.000    0.741	-1.000  0.000  0.000	0.5079 0.4920
VT	   1.302    0.000    0.741	 0.000 -1.000  0.000	0.9995 0.0005
VT	   1.302    0.000    0.741	 0.000  0.000  1.000	0.3883 0.7553
VT	   1.302    2.034    0.728	-1.000  0.000  0.000	0.4920 0.5080
VT	   1.302    2.034    0.728	 0.000  0.000 -1.000	0.9995 0.9995
VT	   1.302    2.034    0.728	 0.000  1.000  0.000	0.4922 0.5078
VT	   1.302    2.034    0.741	-1.000  0.000  0.000	0.5079 0.5080
VT	   1.302    2.034    0.741	 0.000  0.000  1.000	0.3883 0.9930
VT	   1.302    2.034    0.741	 0.000  1.000  0.000	0.4922 0.4922
VT	   2.319    0.000    0.728	 0.000 -1.000  0.000	0.0005 0.9995
VT	   2.319    0.000    0.728	 0.000  0.000 -1.000	0.0005 0.0005
VT	   2.319    0.000    0.728	 1.000  0.000  0.000	0.6468 0.4860
VT	   2.319    0.000    0.741	 0.000 -1.000  0.000	0.0005 0.0005
VT	   2.319    0.000    0.741	 0.000  0.000  1.000	0.4732 0.7553
VT	   2.319    0.000    0.741	 1.000  0.000  0.000	0.6237 0.4860
VT	   2.319    2.034    0.728	 0.000  0.000 -1.000	0.0005 0.9995
VT	   2.319    2.034    0.728	 0.000  1.000  0.000	0.5078 0.5078
VT	   2.319    2.034    0.728	 1.000  0.000  0.000	0.6468 0.5092
VT	   2.319    2.034    0.741	 0.000  0.000  1.000	0.4732 0.9930
VT	   2.319    2.034    0.741	 0.000  1.000  0.000	0.5078 0.4922
VT	   2.319    2.034    0.741	 1.000  0.000  0.000	0.6237 0.5092

IDX10	18 13 2 33 27 24 37 42 31 31
IDX10	26 37 41 47 44 44 38 41 29 34
IDX10	45 45 40 29 35 32 43 43 46 35
IDX10	28 39 36 36 25 28 12 15 4 4
IDX10	1 12 20 23 17 17 14 20 8 11
IDX10	22 22 19 8 0 3 9 9 6 0
IDX10	5 16 21 21 10 5 2 7 18 24
IDX	30
IDX	33

ATTR_no_blend

TRIS	0 72
