I
800	# Converted by FS2XPlane 3.26
OBJ

# object 9788a871157244f59b4586487e00dce1 in file ez_finney_chopper_towers.bgl

TEXTURE		safety_net.dds
POINT_COUNTS	152 0 0 252

VT	  -5.648    6.252   -5.652	-0.956  0.292 -0.000	0.9995 0.0005
VT	  -5.648    6.252   -5.652	-0.292 -0.956 -0.000	0.9995 0.9995
VT	  -5.648    6.252   -5.652	 0.661 -0.202 -0.722	0.0005 0.0005
VT	  -5.648    6.252   -0.032	-0.956  0.292  0.000	0.0005 0.0005
VT	  -5.648    6.252   -0.032	-0.292 -0.956 -0.000	0.0005 0.9995
VT	  -5.648    6.252   -0.032	-0.000  0.000 -1.000	0.9995 0.0005
VT	  -5.648    6.252   -0.032	 0.000  0.000  1.000	0.9995 0.0005
VT	  -5.648    6.252    5.592	-0.956  0.292  0.000	0.9995 0.0005
VT	  -5.648    6.252    5.592	-0.292 -0.956 -0.000	0.9995 0.9995
VT	  -5.648    6.252    5.592	 0.661 -0.202  0.722	0.0005 0.0005
VT	  -5.648    6.264   -5.652	-0.956  0.292 -0.000	0.9995 0.9995
VT	  -5.648    6.264   -5.652	 0.292  0.956 -0.000	0.0005 0.9995
VT	  -5.648    6.264   -5.652	 0.661 -0.202 -0.722	0.0005 0.9995
VT	  -5.648    6.264   -0.032	-0.956  0.292  0.000	0.0005 0.9995
VT	  -5.648    6.264   -0.032	-0.000  0.000 -1.000	0.9995 0.9995
VT	  -5.648    6.264   -0.032	 0.000  0.000  1.000	0.9995 0.9995
VT	  -5.648    6.264   -0.032	 0.292  0.956 -0.000	0.9995 0.9995
VT	  -5.648    6.264    5.592	-0.956  0.292  0.000	0.9995 0.9995
VT	  -5.648    6.264    5.592	 0.292  0.956 -0.000	0.0005 0.9995
VT	  -5.648    6.264    5.592	 0.661 -0.202  0.722	0.0005 0.9995
VT	  -5.644    6.252    5.592	-0.722 -0.202 -0.661	0.0005 0.0005
VT	  -5.644    6.252    5.592	 0.000 -0.956  0.292	0.9995 0.9995
VT	  -5.644    6.252    5.592	 0.000  0.292  0.956	0.9995 0.0005
VT	  -5.644    6.264    5.588	-0.722 -0.202 -0.661	0.0005 0.9995
VT	  -5.644    6.264    5.588	 0.000  0.292  0.956	0.9995 0.9995
VT	  -5.644    6.264    5.588	 0.000  0.956 -0.292	0.0005 0.9995
VT	  -5.636    6.252   -5.644	-0.722 -0.202  0.661	0.0005 0.0005
VT	  -5.636    6.252   -5.644	 0.000 -0.956 -0.292	0.9995 0.9995
VT	  -5.636    6.252   -5.644	 0.000  0.292 -0.956	0.9995 0.0005
VT	  -5.636    6.264   -5.640	-0.722 -0.202  0.661	0.0005 0.9995
VT	  -5.636    6.264   -5.640	 0.000  0.292 -0.956	0.9995 0.9995
VT	  -5.636    6.264   -5.640	 0.000  0.956  0.292	0.0005 0.9995
VT	  -5.016    6.060   -5.016	-0.292 -0.956 -0.000	0.9995 0.0005
VT	  -5.016    6.060   -5.016	 0.661 -0.202 -0.722	0.9995 0.0005
VT	  -5.016    6.060   -5.016	 0.956 -0.292 -0.000	0.0005 0.0005
VT	  -5.016    6.060   -0.032	-0.292 -0.956 -0.000	0.0005 0.0005
VT	  -5.016    6.060   -0.032	-0.000  0.000 -1.000	0.0005 0.0005
VT	  -5.016    6.060   -0.032	 0.000  0.000  1.000	0.0005 0.0005
VT	  -5.016    6.060   -0.032	 0.956 -0.292 -0.000	0.9995 0.0005
VT	  -5.016    6.060    4.956	-0.292 -0.956 -0.000	0.9995 0.0005
VT	  -5.016    6.060    4.956	 0.661 -0.202  0.722	0.9995 0.0005
VT	  -5.016    6.060    4.956	 0.956 -0.292 -0.000	0.0005 0.0005
VT	  -5.012    6.068   -5.016	 0.292  0.956 -0.000	0.0005 0.0005
VT	  -5.012    6.068   -5.016	 0.661 -0.202 -0.722	0.9995 0.9995
VT	  -5.012    6.068   -5.016	 0.956 -0.292 -0.000	0.0005 0.9995
VT	  -5.012    6.068   -0.032	-0.000  0.000 -1.000	0.0005 0.9995
VT	  -5.012    6.068   -0.032	 0.000  0.000  1.000	0.0005 0.9995
VT	  -5.012    6.068   -0.032	 0.292  0.956 -0.000	0.9995 0.0005
VT	  -5.012    6.068   -0.032	 0.956 -0.292 -0.000	0.9995 0.9995
VT	  -5.012    6.068    4.956	 0.292  0.956 -0.000	0.0005 0.0005
VT	  -5.012    6.068    4.956	 0.661 -0.202  0.722	0.9995 0.9995
VT	  -5.012    6.068    4.956	 0.956 -0.292 -0.000	0.0005 0.9995
VT	  -5.008    6.060    4.956	-0.722 -0.202 -0.661	0.9995 0.0005
VT	  -5.008    6.060    4.956	 0.000 -0.956  0.292	0.9995 0.0005
VT	  -5.008    6.060    4.956	 0.000 -0.292 -0.956	0.0005 0.0005
VT	  -5.008    6.068    4.952	-0.722 -0.202 -0.661	0.9995 0.9995
VT	  -5.008    6.068    4.952	 0.000 -0.292 -0.956	0.0005 0.9995
VT	  -5.008    6.068    4.952	 0.000  0.956 -0.292	0.0005 0.0005
VT	  -5.000    6.060   -5.008	-0.722 -0.202  0.661	0.9995 0.0005
VT	  -5.000    6.060   -5.008	 0.000 -0.956 -0.292	0.9995 0.0005
VT	  -5.000    6.060   -5.008	 0.000 -0.292  0.956	0.0005 0.0005
VT	  -5.000    6.068   -5.004	-0.722 -0.202  0.661	0.9995 0.9995
VT	  -5.000    6.068   -5.004	 0.000 -0.292  0.956	0.0005 0.9995
VT	  -5.000    6.068   -5.004	 0.000  0.956  0.292	0.0005 0.0005
VT	  -0.020    6.060    4.956	 0.000 -0.956  0.292	0.0005 0.0005
VT	  -0.020    6.060    4.956	 0.000 -0.292 -0.956	0.9995 0.0005
VT	  -0.020    6.060    4.956	 1.000  0.000 -0.000	0.0005 0.0005
VT	  -0.020    6.068    4.952	 0.000 -0.292 -0.956	0.9995 0.9995
VT	  -0.020    6.068    4.952	 0.000  0.956 -0.292	0.9995 0.0005
VT	  -0.020    6.068    4.952	 1.000  0.000 -0.000	0.0005 0.9995
VT	  -0.020    6.252    5.592	 0.000 -0.956  0.292	0.0005 0.9995
VT	  -0.020    6.252    5.592	 0.000  0.292  0.956	0.0005 0.0005
VT	  -0.020    6.252    5.592	 1.000  0.000 -0.000	0.9995 0.0005
VT	  -0.020    6.264    5.588	 0.000  0.292  0.956	0.0005 0.9995
VT	  -0.020    6.264    5.588	 0.000  0.956 -0.292	0.9995 0.9995
VT	  -0.020    6.264    5.588	 1.000  0.000 -0.000	0.9995 0.9995
VT	  -0.016    6.060   -5.008	-1.000  0.000 -0.000	0.0005 0.0005
VT	  -0.016    6.060   -5.008	 0.000 -0.956 -0.292	0.0005 0.0005
VT	  -0.016    6.060   -5.008	 0.000 -0.292  0.956	0.9995 0.0005
VT	  -0.016    6.060   -5.008	 1.000  0.000 -0.000	0.0005 0.0005
VT	  -0.016    6.068   -5.004	-1.000  0.000 -0.000	0.0005 0.9995
VT	  -0.016    6.068   -5.004	 0.000 -0.292  0.956	0.9995 0.9995
VT	  -0.016    6.068   -5.004	 0.000  0.956  0.292	0.9995 0.0005
VT	  -0.016    6.068   -5.004	 1.000  0.000 -0.000	0.0005 0.9995
VT	  -0.016    6.252   -5.644	-1.000  0.000 -0.000	0.9995 0.0005
VT	  -0.016    6.252   -5.644	 0.000 -0.956 -0.292	0.0005 0.9995
VT	  -0.016    6.252   -5.644	 0.000  0.292 -0.956	0.0005 0.0005
VT	  -0.016    6.252   -5.644	 1.000  0.000 -0.000	0.9995 0.0005
VT	  -0.016    6.264   -5.640	-1.000  0.000 -0.000	0.9995 0.9995
VT	  -0.016    6.264   -5.640	 0.000  0.292 -0.956	0.0005 0.9995
VT	  -0.016    6.264   -5.640	 0.000  0.956  0.292	0.9995 0.9995
VT	  -0.016    6.264   -5.640	 1.000  0.000 -0.000	0.9995 0.9995
VT	   0.004    6.060    4.956	-1.000  0.000 -0.000	0.0005 0.0005
VT	   0.004    6.060    4.956	 0.000 -0.956  0.292	0.0005 0.0005
VT	   0.004    6.060    4.956	 0.000 -0.292 -0.956	0.9995 0.0005
VT	   0.004    6.068    4.952	-1.000  0.000 -0.000	0.0005 0.9995
VT	   0.004    6.068    4.952	 0.000 -0.292 -0.956	0.9995 0.9995
VT	   0.004    6.068    4.952	 0.000  0.956 -0.292	0.9995 0.0005
VT	   0.004    6.252    5.592	-1.000  0.000 -0.000	0.9995 0.0005
VT	   0.004    6.252    5.592	 0.000 -0.956  0.292	0.0005 0.9995
VT	   0.004    6.252    5.592	 0.000  0.292  0.956	0.0005 0.0005
VT	   0.004    6.264    5.588	-1.000  0.000 -0.000	0.9995 0.9995
VT	   0.004    6.264    5.588	 0.000  0.292  0.956	0.0005 0.9995
VT	   0.004    6.264    5.588	 0.000  0.956 -0.292	0.9995 0.9995
VT	   4.972    6.060   -5.008	 0.000 -0.956 -0.292	0.9995 0.0005
VT	   4.972    6.060   -5.008	 0.000 -0.292  0.956	0.0005 0.0005
VT	   4.972    6.060   -5.008	 0.722 -0.202  0.661	0.9995 0.0005
VT	   4.972    6.068   -5.004	 0.000 -0.292  0.956	0.0005 0.9995
VT	   4.972    6.068   -5.004	 0.000  0.956  0.292	0.0005 0.0005
VT	   4.972    6.068   -5.004	 0.722 -0.202  0.661	0.9995 0.9995
VT	   4.988    6.060    4.956	 0.000 -0.956  0.292	0.9995 0.0005
VT	   4.988    6.060    4.956	 0.000 -0.292 -0.956	0.0005 0.0005
VT	   4.988    6.060    4.956	 0.722 -0.202 -0.661	0.9995 0.0005
VT	   4.988    6.068    4.952	 0.000 -0.292 -0.956	0.0005 0.9995
VT	   4.988    6.068    4.952	 0.000  0.956 -0.292	0.0005 0.0005
VT	   4.988    6.068    4.952	 0.722 -0.202 -0.661	0.9995 0.9995
VT	   4.996    6.068   -0.032	-0.956 -0.292  0.000	0.9995 0.9995
VT	   4.996    6.068   -0.032	-0.292  0.956 -0.000	0.9995 0.0005
VT	   4.996    6.068   -0.032	 0.000  0.000 -1.000	0.0005 0.9995
VT	   4.996    6.068    4.956	-0.956 -0.292  0.000	0.0005 0.9995
VT	   4.996    6.068    4.956	-0.661 -0.202  0.722	0.9995 0.9995
VT	   4.996    6.068    4.956	-0.292  0.956 -0.000	0.0005 0.0005
VT	   5.000    6.060   -0.032	-0.956 -0.292  0.000	0.9995 0.0005
VT	   5.000    6.060   -0.032	 0.000  0.000 -1.000	0.0005 0.0005
VT	   5.000    6.060   -0.032	 0.292 -0.956 -0.000	0.0005 0.0005
VT	   5.000    6.060    4.956	-0.956 -0.292  0.000	0.0005 0.0005
VT	   5.000    6.060    4.956	-0.661 -0.202  0.722	0.9995 0.0005
VT	   5.000    6.060    4.956	 0.292 -0.956 -0.000	0.9995 0.0005
VT	   5.608    6.252   -5.644	 0.000 -0.956 -0.292	0.9995 0.9995
VT	   5.608    6.252   -5.644	 0.000  0.292 -0.956	0.9995 0.0005
VT	   5.608    6.252   -5.644	 0.722 -0.202  0.661	0.0005 0.0005
VT	   5.608    6.264   -5.640	 0.000  0.292 -0.956	0.9995 0.9995
VT	   5.608    6.264   -5.640	 0.000  0.956  0.292	0.0005 0.9995
VT	   5.608    6.264   -5.640	 0.722 -0.202  0.661	0.0005 0.9995
VT	   5.624    6.252    5.592	 0.000 -0.956  0.292	0.9995 0.9995
VT	   5.624    6.252    5.592	 0.000  0.292  0.956	0.9995 0.0005
VT	   5.624    6.252    5.592	 0.722 -0.202 -0.661	0.0005 0.0005
VT	   5.624    6.264    5.588	 0.000  0.292  0.956	0.9995 0.9995
VT	   5.624    6.264    5.588	 0.000  0.956 -0.292	0.0005 0.9995
VT	   5.624    6.264    5.588	 0.722 -0.202 -0.661	0.0005 0.9995
VT	   5.632    6.264   -0.032	-0.292  0.956 -0.000	0.9995 0.9995
VT	   5.632    6.264   -0.032	 0.000  0.000 -1.000	0.9995 0.9995
VT	   5.632    6.264   -0.032	 0.956  0.292 -0.000	0.0005 0.9995
VT	   5.632    6.264    5.592	-0.661 -0.202  0.722	0.0005 0.9995
VT	   5.632    6.264    5.592	-0.292  0.956 -0.000	0.0005 0.9995
VT	   5.632    6.264    5.592	 0.956  0.292 -0.000	0.9995 0.9995
VT	   5.636    6.252   -0.032	 0.000  0.000 -1.000	0.9995 0.0005
VT	   5.636    6.252   -0.032	 0.292 -0.956 -0.000	0.0005 0.9995
VT	   5.636    6.252   -0.032	 0.956  0.292 -0.000	0.0005 0.0005
VT	   5.636    6.252    5.592	-0.661 -0.202  0.722	0.0005 0.0005
VT	   5.636    6.252    5.592	 0.292 -0.956 -0.000	0.9995 0.9995
VT	   5.636    6.252    5.592	 0.956  0.292 -0.000	0.9995 0.0005

IDX10	148 142 145 145 151 148 123 118 141 141
IDX10	146 123 125 119 116 116 122 125 121 144
IDX10	140 140 117 121 127 124 147 147 150 127
IDX10	2 12 43 43 33 2 3 13 10 10
IDX10	0 3 37 46 15 15 6 37 34 44
IDX10	48 48 38 34 42 11 16 16 47 42
IDX10	32 35 4 4 1 32 9 19 50 50
IDX10	40 9 3 13 17 17 7 3 36 45
IDX10	14 14 5 36 41 51 48 48 38 41
IDX10	49 18 16 16 47 49 39 35 4 4
IDX10	8 39 136 139 115 115 112 136 100 102
IDX10	137 137 135 100 92 95 101 101 98 92
IDX10	111 113 96 120 126 149 114 138 103 103
IDX10	97 114 110 93 99 99 134 110 20 23
IDX10	55 55 52 20 71 73 24 24 22 71
IDX10	66 69 75 75 72 66 54 56 67 67
IDX10	65 54 57 25 74 74 68 57 53 64
IDX10	70 70 21 53 130 133 109 109 106 130
IDX10	86 89 131 131 129 86 76 80 88 88
IDX10	84 76 105 107 81 81 78 105 108 132
IDX10	90 90 82 108 104 77 85 85 128 104
IDX10	26 29 61 61 58 26 86 89 30 30
IDX10	28 86 79 83 91 91 87 79 60 62
IDX10	81 81 78 60 63 31 90 90 82 63
IDX10	59 77 85 85 27 59 149 143 120 96
IDX	94
IDX	111

ATTR_no_blend

TRIS	0 252
