I
800	# Converted by FS2XPlane 3.11
OBJ

# object 5c938b474e4d0534a54dc58083da67c0 in file Benabarre_LENA_.BGL

TEXTURE		FS2X-palette.png
POINT_COUNTS	96 0 0 144

VT	   6.304    1.484    1.212	-0.609 -0.656 -0.446	0.9922 0.9922
VT	   6.304    1.484    1.212	-0.591  0.000  0.807	0.9922 0.9922
VT	   6.304    1.484    1.212	-0.529  0.755 -0.387	0.9922 0.9922
VT	   6.312    1.484   -1.348	-0.612 -0.656  0.441	0.9922 0.9922
VT	   6.312    1.484   -1.348	-0.585  0.000 -0.811	0.9922 0.9922
VT	   6.312    1.484   -1.348	-0.532  0.755  0.384	0.9922 0.9922
VT	   6.316    1.468    1.220	-0.609 -0.656 -0.446	0.9922 0.9922
VT	   6.316    1.468    1.220	-0.591  0.000  0.807	0.9922 0.9922
VT	   6.316    1.468    1.220	 0.529 -0.755  0.387	0.9922 0.9922
VT	   6.316    1.484    1.196	-0.609 -0.656 -0.446	0.9922 0.9922
VT	   6.316    1.484    1.196	-0.529  0.755 -0.387	0.9922 0.9922
VT	   6.316    1.484    1.196	 0.591  0.000 -0.807	0.9922 0.9922
VT	   6.324    1.468   -1.356	-0.612 -0.656  0.441	0.9922 0.9922
VT	   6.324    1.468   -1.356	-0.585  0.000 -0.811	0.9922 0.9922
VT	   6.324    1.468   -1.356	 0.532 -0.755 -0.384	0.9922 0.9922
VT	   6.324    1.484   -1.332	-0.612 -0.656  0.441	0.9922 0.9922
VT	   6.324    1.484   -1.332	-0.532  0.755  0.384	0.9922 0.9922
VT	   6.324    1.484   -1.332	 0.585  0.000  0.811	0.9922 0.9922
VT	   6.328    1.468    1.204	-0.609 -0.656 -0.446	0.9922 0.9922
VT	   6.328    1.468    1.204	 0.529 -0.755  0.387	0.9922 0.9922
VT	   6.328    1.468    1.204	 0.591  0.000 -0.807	0.9922 0.9922
VT	   6.336    1.468   -1.340	-0.612 -0.656  0.441	0.9922 0.9922
VT	   6.336    1.468   -1.340	 0.532 -0.755 -0.384	0.9922 0.9922
VT	   6.336    1.468   -1.340	 0.585  0.000  0.811	0.9922 0.9922
VT	   6.448    1.656    1.440	-0.832  0.000 -0.555	0.9922 0.9922
VT	   6.448    1.656    1.440	-0.555  0.000  0.832	0.9922 0.9922
VT	   6.448    1.656    1.440	 0.000 -1.000  0.000	0.9922 0.9922
VT	   6.448    2.056    1.440	-0.832  0.000 -0.555	0.9922 0.9922
VT	   6.448    2.056    1.440	-0.555  0.000  0.832	0.9922 0.9922
VT	   6.448    2.056    1.440	 0.000  1.000  0.000	0.9922 0.9922
VT	   6.456    1.656   -1.580	-0.836  0.000  0.549	0.9922 0.9922
VT	   6.456    1.656   -1.580	-0.549  0.000 -0.836	0.9922 0.9922
VT	   6.456    1.656   -1.580	 0.000 -1.000  0.000	0.9922 0.9922
VT	   6.456    1.656    1.448	-0.555  0.000  0.832	0.9922 0.9922
VT	   6.456    1.656    1.448	 0.000 -1.000  0.000	0.9922 0.9922
VT	   6.456    1.656    1.448	 0.832  0.000  0.555	0.9922 0.9922
VT	   6.456    2.056   -1.580	-0.836  0.000  0.549	0.9922 0.9922
VT	   6.456    2.056   -1.580	-0.549  0.000 -0.836	0.9922 0.9922
VT	   6.456    2.056   -1.580	 0.000  1.000  0.000	0.9922 0.9922
VT	   6.456    2.056    1.448	-0.555  0.000  0.832	0.9922 0.9922
VT	   6.456    2.056    1.448	 0.000  1.000  0.000	0.9922 0.9922
VT	   6.456    2.056    1.448	 0.832  0.000  0.555	0.9922 0.9922
VT	   6.464    1.656   -1.584	-0.549  0.000 -0.836	0.9922 0.9922
VT	   6.464    1.656   -1.584	 0.000 -1.000  0.000	0.9922 0.9922
VT	   6.464    1.656   -1.584	 0.836  0.000 -0.549	0.9922 0.9922
VT	   6.464    2.056   -1.584	-0.549  0.000 -0.836	0.9922 0.9922
VT	   6.464    2.056   -1.584	 0.000  1.000  0.000	0.9922 0.9922
VT	   6.464    2.056   -1.584	 0.836  0.000 -0.549	0.9922 0.9922
VT	   6.488    1.680    1.344	-0.591  0.000  0.807	0.9922 0.9922
VT	   6.488    1.680    1.344	-0.529  0.755 -0.387	0.9922 0.9922
VT	   6.488    1.680    1.344	 0.609  0.656  0.446	0.9922 0.9922
VT	   6.496    1.664    1.352	-0.591  0.000  0.807	0.9922 0.9922
VT	   6.496    1.664    1.352	 0.529 -0.755  0.387	0.9922 0.9922
VT	   6.496    1.664    1.352	 0.609  0.656  0.446	0.9922 0.9922
VT	   6.496    1.680   -1.484	-0.585  0.000 -0.811	0.9922 0.9922
VT	   6.496    1.680   -1.484	-0.532  0.755  0.384	0.9922 0.9922
VT	   6.496    1.680   -1.484	 0.612  0.656 -0.441	0.9922 0.9922
VT	   6.500    1.680    1.328	-0.529  0.755 -0.387	0.9922 0.9922
VT	   6.500    1.680    1.328	 0.591  0.000 -0.807	0.9922 0.9922
VT	   6.500    1.680    1.328	 0.609  0.656  0.446	0.9922 0.9922
VT	   6.508    1.664   -1.488	-0.585  0.000 -0.811	0.9922 0.9922
VT	   6.508    1.664   -1.488	 0.532 -0.755 -0.384	0.9922 0.9922
VT	   6.508    1.664   -1.488	 0.612  0.656 -0.441	0.9922 0.9922
VT	   6.508    1.664    1.336	 0.529 -0.755  0.387	0.9922 0.9922
VT	   6.508    1.664    1.336	 0.591  0.000 -0.807	0.9922 0.9922
VT	   6.508    1.664    1.336	 0.609  0.656  0.446	0.9922 0.9922
VT	   6.508    1.680   -1.464	-0.532  0.755  0.384	0.9922 0.9922
VT	   6.508    1.680   -1.464	 0.585  0.000  0.811	0.9922 0.9922
VT	   6.508    1.680   -1.464	 0.612  0.656 -0.441	0.9922 0.9922
VT	   6.520    1.664   -1.472	 0.532 -0.755 -0.384	0.9922 0.9922
VT	   6.520    1.664   -1.472	 0.585  0.000  0.811	0.9922 0.9922
VT	   6.520    1.664   -1.472	 0.612  0.656 -0.441	0.9922 0.9922
VT	   6.528    1.656    1.316	-0.832  0.000 -0.555	0.9922 0.9922
VT	   6.528    1.656    1.316	 0.000 -1.000  0.000	0.9922 0.9922
VT	   6.528    1.656    1.316	 0.555  0.000 -0.832	0.9922 0.9922
VT	   6.528    2.056    1.316	-0.832  0.000 -0.555	0.9922 0.9922
VT	   6.528    2.056    1.316	 0.000  1.000  0.000	0.9922 0.9922
VT	   6.528    2.056    1.316	 0.555  0.000 -0.832	0.9922 0.9922
VT	   6.536    1.656    1.324	 0.000 -1.000  0.000	0.9922 0.9922
VT	   6.536    1.656    1.324	 0.555  0.000 -0.832	0.9922 0.9922
VT	   6.536    1.656    1.324	 0.832  0.000  0.555	0.9922 0.9922
VT	   6.536    2.056    1.324	 0.000  1.000  0.000	0.9922 0.9922
VT	   6.536    2.056    1.324	 0.555  0.000 -0.832	0.9922 0.9922
VT	   6.536    2.056    1.324	 0.832  0.000  0.555	0.9922 0.9922
VT	   6.540    1.656   -1.452	-0.836  0.000  0.549	0.9922 0.9922
VT	   6.540    1.656   -1.452	 0.000 -1.000  0.000	0.9922 0.9922
VT	   6.540    1.656   -1.452	 0.549  0.000  0.836	0.9922 0.9922
VT	   6.540    2.056   -1.452	-0.836  0.000  0.549	0.9922 0.9922
VT	   6.540    2.056   -1.452	 0.000  1.000  0.000	0.9922 0.9922
VT	   6.540    2.056   -1.452	 0.549  0.000  0.836	0.9922 0.9922
VT	   6.548    1.656   -1.460	 0.000 -1.000  0.000	0.9922 0.9922
VT	   6.548    1.656   -1.460	 0.549  0.000  0.836	0.9922 0.9922
VT	   6.548    1.656   -1.460	 0.836  0.000 -0.549	0.9922 0.9922
VT	   6.548    2.056   -1.460	 0.000  1.000  0.000	0.9922 0.9922
VT	   6.548    2.056   -1.460	 0.549  0.000  0.836	0.9922 0.9922
VT	   6.548    2.056   -1.460	 0.836  0.000 -0.549	0.9922 0.9922

IDX10	41 83 80 29 76 81 81 40 29 24
IDX10	72 75 75 27 24 34 78 73 73 26
IDX10	34 79 82 77 77 74 79 33 25 28
IDX10	28 39 33 70 67 17 17 23 70 62
IDX10	56 68 68 71 62 13 4 54 54 60
IDX10	13 21 15 3 3 12 21 16 66 55
IDX10	55 5 16 22 14 61 61 69 22 47
IDX10	95 92 92 44 47 38 88 93 93 46
IDX10	38 30 84 87 87 36 30 43 90 85
IDX10	85 32 43 91 94 89 89 86 91 42
IDX10	31 37 37 45 42 64 58 11 11 20
IDX10	64 53 50 59 59 65 53 7 1 48
IDX10	48 51 7 18 9 0 0 6 18 10
IDX10	57 49 49 2 10 19 8 52 52 63
IDX	19
IDX	80
IDX	35
IDX	41

ATTR_no_blend

TRIS	0 144
