I
800	# Converted by FS2XPlane 3.11
OBJ

# object 46ba0ae443edfa772baadeb470a8edeb in file Ampuriabrava_LEAP_.BGL

TEXTURE		bmp.png
POINT_COUNTS	48 0 0 72

VT	 -14.776    0.000  323.152	-0.958  0.000  0.285	0.0000 1.0000
VT	 -14.776    0.000  323.152	-0.285  0.000 -0.958	0.0000 1.0000
VT	 -14.776    1.064  323.152	-0.958  0.000  0.285	0.0000 1.0000
VT	 -14.776    1.064  323.152	-0.285  0.000 -0.958	0.0000 1.0000
VT	 -14.776    1.064  323.152	 0.000  1.000  0.000	0.0000 1.0000
VT	 -14.744    0.000  323.268	-0.958  0.000  0.285	0.0000 1.0000
VT	 -14.744    0.000  323.268	 0.285  0.000  0.959	0.0000 1.0000
VT	 -14.744    1.064  323.268	-0.958  0.000  0.285	0.0000 1.0000
VT	 -14.744    1.064  323.268	 0.000  1.000  0.000	0.0000 1.0000
VT	 -14.744    1.064  323.268	 0.285  0.000  0.959	0.0000 1.0000
VT	 -14.664    0.000  323.116	-0.285  0.000 -0.958	0.0000 1.0000
VT	 -14.664    0.000  323.116	 0.958  0.000 -0.285	0.0000 1.0000
VT	 -14.664    1.064  323.116	-0.285  0.000 -0.958	0.0000 1.0000
VT	 -14.664    1.064  323.116	 0.000  1.000  0.000	0.0000 1.0000
VT	 -14.664    1.064  323.116	 0.958  0.000 -0.285	0.0000 1.0000
VT	 -14.648    0.900  323.172	-0.285  0.000 -0.958	0.0000 1.0000
VT	 -14.648    0.900  323.172	 0.285  0.000  0.958	0.0000 1.0000
VT	 -14.648    1.000  323.172	-0.285  0.000 -0.958	0.0000 1.0000
VT	 -14.648    1.000  323.172	 0.285  0.000  0.958	0.0000 1.0000
VT	 -14.628    0.000  323.232	 0.285  0.000  0.959	0.0000 1.0000
VT	 -14.628    0.000  323.232	 0.958  0.000 -0.285	0.0000 1.0000
VT	 -14.628    1.064  323.232	 0.000  1.000  0.000	0.0000 1.0000
VT	 -14.628    1.064  323.232	 0.285  0.000  0.959	0.0000 1.0000
VT	 -14.628    1.064  323.232	 0.958  0.000 -0.285	0.0000 1.0000
VT	  -2.496    0.000  319.496	-0.958  0.000  0.285	0.0000 1.0000
VT	  -2.496    0.000  319.496	-0.285  0.000 -0.958	0.0000 1.0000
VT	  -2.496    1.064  319.496	-0.958  0.000  0.285	0.0000 1.0000
VT	  -2.496    1.064  319.496	-0.285  0.000 -0.958	0.0000 1.0000
VT	  -2.496    1.064  319.496	 0.000  1.000  0.000	0.0000 1.0000
VT	  -2.480    0.900  319.552	-0.285  0.000 -0.958	0.0000 1.0000
VT	  -2.480    0.900  319.552	 0.285  0.000  0.958	0.0000 1.0000
VT	  -2.480    1.000  319.552	-0.285  0.000 -0.958	0.0000 1.0000
VT	  -2.480    1.000  319.552	 0.285  0.000  0.958	0.0000 1.0000
VT	  -2.460    0.000  319.612	-0.958  0.000  0.285	0.0000 1.0000
VT	  -2.460    0.000  319.612	 0.285  0.000  0.958	0.0000 1.0000
VT	  -2.460    1.064  319.612	-0.958  0.000  0.285	0.0000 1.0000
VT	  -2.460    1.064  319.612	 0.000  1.000  0.000	0.0000 1.0000
VT	  -2.460    1.064  319.612	 0.285  0.000  0.958	0.0000 1.0000
VT	  -2.380    0.000  319.464	-0.285  0.000 -0.958	0.0000 1.0000
VT	  -2.380    0.000  319.464	 0.958  0.000 -0.285	0.0000 1.0000
VT	  -2.380    1.064  319.464	-0.285  0.000 -0.958	0.0000 1.0000
VT	  -2.380    1.064  319.464	 0.000  1.000  0.000	0.0000 1.0000
VT	  -2.380    1.064  319.464	 0.958  0.000 -0.285	0.0000 1.0000
VT	  -2.344    0.000  319.576	 0.285  0.000  0.958	0.0000 1.0000
VT	  -2.344    0.000  319.576	 0.958  0.000 -0.285	0.0000 1.0000
VT	  -2.344    1.064  319.576	 0.000  1.000  0.000	0.0000 1.0000
VT	  -2.344    1.064  319.576	 0.285  0.000  0.958	0.0000 1.0000
VT	  -2.344    1.064  319.576	 0.958  0.000 -0.285	0.0000 1.0000

IDX10	29 31 17 17 15 29 16 18 32 32
IDX10	30 16 24 26 35 35 33 24 38 40
IDX10	27 27 25 38 44 47 42 42 39 44
IDX10	34 37 46 46 43 34 36 28 41 41
IDX10	45 36 0 2 7 7 5 0 10 12
IDX10	3 3 1 10 20 23 14 14 11 20
IDX10	6 9 22 22 19 6 8 4 13 13
IDX	21
IDX	8

ATTR_no_blend

TRIS	0 72
