I
800	# Converted by FS2XPlane 3.11
OBJ

# object db53982c4d3c21caf5644a9bfd6b51f6 in file Ampuriabrava_LEAP_.BGL

TEXTURE		Campisem.png
POINT_COUNTS	96 0 0 156

VT	-264.380    0.020 -231.832	 0.000  1.000  0.000	0.6006 0.9952
VT	-256.944    0.000 -206.624	-0.958  0.000  0.285	0.0000 1.0000
VT	-256.944    0.000 -206.624	-0.285  0.000 -0.958	0.0000 1.0000
VT	-256.944    2.440 -206.624	-0.958  0.000  0.285	0.0000 1.0000
VT	-256.944    2.440 -206.624	-0.285  0.000 -0.958	0.0000 1.0000
VT	-256.940    2.320 -206.620	-0.958  0.000  0.285	0.0000 1.0000
VT	-256.940    2.320 -206.620	 0.000 -1.000  0.000	0.0000 1.0000
VT	-256.940    2.440 -206.620	-0.958  0.000  0.285	0.0000 1.0000
VT	-256.940    2.440 -206.620	 0.000  1.000  0.000	0.0000 1.0000
VT	-256.908    0.000 -206.508	-0.958  0.000  0.285	0.0000 1.0000
VT	-256.908    0.000 -206.508	 0.285  0.000  0.958	0.0000 1.0000
VT	-256.908    2.440 -206.508	-0.958  0.000  0.285	0.0000 1.0000
VT	-256.908    2.440 -206.508	 0.285  0.000  0.958	0.0000 1.0000
VT	-256.828    0.000 -206.660	-0.285  0.000 -0.958	0.0000 1.0000
VT	-256.828    0.000 -206.660	 0.958  0.000 -0.285	0.0000 1.0000
VT	-256.828    2.440 -206.660	-0.285  0.000 -0.958	0.0000 1.0000
VT	-256.828    2.440 -206.660	 0.958  0.000 -0.285	0.0000 1.0000
VT	-256.824    2.320 -206.656	 0.000 -1.000  0.000	0.0000 1.0000
VT	-256.824    2.320 -206.656	 0.958  0.000 -0.285	0.0000 1.0000
VT	-256.824    2.440 -206.656	 0.000  1.000  0.000	0.0000 1.0000
VT	-256.824    2.440 -206.656	 0.958  0.000 -0.285	0.0000 1.0000
VT	-256.792    0.000 -206.544	 0.285  0.000  0.958	0.0000 1.0000
VT	-256.792    0.000 -206.544	 0.958  0.000 -0.285	0.0000 1.0000
VT	-256.792    2.440 -206.544	 0.285  0.000  0.958	0.0000 1.0000
VT	-256.792    2.440 -206.544	 0.958  0.000 -0.285	0.0000 1.0000
VT	-254.856    0.000 -199.608	-0.958  0.000  0.285	0.0000 1.0000
VT	-254.856    0.000 -199.608	-0.285  0.000 -0.958	0.0000 1.0000
VT	-254.856    2.440 -199.608	-0.958  0.000  0.285	0.0000 1.0000
VT	-254.856    2.440 -199.608	-0.285  0.000 -0.958	0.0000 1.0000
VT	-254.820    0.000 -199.492	-0.958  0.000  0.285	0.0000 1.0000
VT	-254.820    0.000 -199.492	 0.285  0.000  0.958	0.0000 1.0000
VT	-254.820    2.320 -199.496	-0.958  0.000  0.285	0.0000 1.0000
VT	-254.820    2.320 -199.496	 0.000 -1.000  0.000	0.0000 1.0000
VT	-254.820    2.440 -199.492	-0.958  0.000  0.285	0.0000 1.0000
VT	-254.820    2.440 -199.492	 0.000  1.000  0.000	0.0000 1.0000
VT	-254.820    2.440 -199.492	 0.285  0.000  0.958	0.0000 1.0000
VT	-254.740    0.000 -199.640	-0.285  0.000 -0.958	0.0000 1.0000
VT	-254.740    0.000 -199.640	 0.958  0.000 -0.285	0.0000 1.0000
VT	-254.740    2.440 -199.640	-0.285  0.000 -0.958	0.0000 1.0000
VT	-254.740    2.440 -199.640	 0.958  0.000 -0.285	0.0000 1.0000
VT	-254.704    0.000 -199.528	 0.285  0.000  0.958	0.0000 1.0000
VT	-254.704    0.000 -199.528	 0.958  0.000 -0.285	0.0000 1.0000
VT	-254.704    2.320 -199.528	 0.000 -1.000  0.000	0.0000 1.0000
VT	-254.704    2.320 -199.528	 0.958  0.000 -0.285	0.0000 1.0000
VT	-254.704    2.440 -199.528	 0.000  1.000  0.000	0.0000 1.0000
VT	-254.704    2.440 -199.528	 0.285  0.000  0.958	0.0000 1.0000
VT	-254.704    2.440 -199.528	 0.958  0.000 -0.285	0.0000 1.0000
VT	-247.268    0.020 -174.324	 0.000  1.000  0.000	0.0049 0.9952
VT	-216.456    0.020 -246.088	 0.000  1.000  0.000	0.6006 0.4991
VT	-199.344    0.020 -188.580	 0.000  1.000  0.000	0.0049 0.4991
VT	-168.532    0.020 -260.348	 0.000  1.000  0.000	0.6003 0.9952
VT	-161.096    0.000 -235.144	-0.958  0.000  0.285	0.0000 1.0000
VT	-161.096    0.000 -235.144	-0.285  0.000 -0.958	0.0000 1.0000
VT	-161.096    2.320 -235.140	-0.958  0.000  0.285	0.0000 1.0000
VT	-161.096    2.320 -235.140	 0.000 -1.000  0.000	0.0000 1.0000
VT	-161.096    2.440 -235.144	-0.958  0.000  0.285	0.0000 1.0000
VT	-161.096    2.440 -235.144	-0.285  0.000 -0.958	0.0000 1.0000
VT	-161.096    2.440 -235.144	 0.000  1.000  0.000	0.0000 1.0000
VT	-161.060    0.000 -235.028	-0.958  0.000  0.285	0.0000 1.0000
VT	-161.060    0.000 -235.028	 0.285  0.000  0.958	0.0000 1.0000
VT	-161.060    2.440 -235.028	-0.958  0.000  0.285	0.0000 1.0000
VT	-161.060    2.440 -235.028	 0.285  0.000  0.958	0.0000 1.0000
VT	-160.980    0.000 -235.176	-0.285  0.000 -0.958	0.0000 1.0000
VT	-160.980    0.000 -235.176	 0.958  0.000 -0.285	0.0000 1.0000
VT	-160.980    2.320 -235.172	 0.000 -1.000  0.000	0.0000 1.0000
VT	-160.980    2.320 -235.172	 0.958  0.000 -0.285	0.0000 1.0000
VT	-160.980    2.440 -235.176	-0.285  0.000 -0.958	0.0000 1.0000
VT	-160.980    2.440 -235.176	 0.000  1.000  0.000	0.0000 1.0000
VT	-160.980    2.440 -235.176	 0.958  0.000 -0.285	0.0000 1.0000
VT	-160.948    0.000 -235.064	 0.285  0.000  0.958	0.0000 1.0000
VT	-160.948    0.000 -235.064	 0.958  0.000 -0.285	0.0000 1.0000
VT	-160.948    2.440 -235.064	 0.285  0.000  0.958	0.0000 1.0000
VT	-160.948    2.440 -235.064	 0.958  0.000 -0.285	0.0000 1.0000
VT	-159.008    0.000 -228.128	-0.958  0.000  0.285	0.0000 1.0000
VT	-159.008    0.000 -228.128	-0.285  0.000 -0.958	0.0000 1.0000
VT	-159.008    2.440 -228.128	-0.958  0.000  0.285	0.0000 1.0000
VT	-159.008    2.440 -228.128	-0.285  0.000 -0.958	0.0000 1.0000
VT	-158.976    2.320 -228.012	-0.958  0.000  0.285	0.0000 1.0000
VT	-158.976    2.320 -228.012	 0.000 -1.000  0.000	0.0000 1.0000
VT	-158.976    2.440 -228.012	-0.958  0.000  0.285	0.0000 1.0000
VT	-158.976    2.440 -228.012	 0.000  1.000  0.000	0.0000 1.0000
VT	-158.976    2.440 -228.012	 0.285  0.000  0.958	0.0000 1.0000
VT	-158.972    0.000 -228.012	-0.958  0.000  0.285	0.0000 1.0000
VT	-158.972    0.000 -228.012	 0.285  0.000  0.958	0.0000 1.0000
VT	-158.892    0.000 -228.160	-0.285  0.000 -0.958	0.0000 1.0000
VT	-158.892    0.000 -228.160	 0.958  0.000 -0.285	0.0000 1.0000
VT	-158.892    2.440 -228.160	-0.285  0.000 -0.958	0.0000 1.0000
VT	-158.892    2.440 -228.160	 0.958  0.000 -0.285	0.0000 1.0000
VT	-158.860    0.000 -228.048	 0.285  0.000  0.958	0.0000 1.0000
VT	-158.860    0.000 -228.048	 0.958  0.000 -0.285	0.0000 1.0000
VT	-158.860    2.320 -228.048	 0.000 -1.000  0.000	0.0000 1.0000
VT	-158.860    2.320 -228.048	 0.958  0.000 -0.285	0.0000 1.0000
VT	-158.860    2.440 -228.048	 0.000  1.000  0.000	0.0000 1.0000
VT	-158.860    2.440 -228.048	 0.285  0.000  0.958	0.0000 1.0000
VT	-158.860    2.440 -228.048	 0.958  0.000 -0.285	0.0000 1.0000
VT	-151.420    0.020 -202.840	 0.000  1.000  0.000	0.0047 0.9952

IDX10	48 50 95 95 49 48 0 48 49 49
IDX10	47 0 39 37 41 41 46 39 28 26
IDX10	36 36 38 28 33 29 25 25 27 33
IDX10	45 40 30 30 35 45 16 14 22 22
IDX10	24 16 4 2 13 13 15 4 11 9
IDX10	1 1 3 11 23 21 10 10 12 23
IDX10	87 85 89 89 94 87 76 74 84 84
IDX10	86 76 79 82 73 73 75 79 93 88
IDX10	83 83 81 93 68 63 70 70 72 68
IDX10	56 52 62 62 66 56 60 58 51 51
IDX10	55 60 71 69 59 59 61 71 54 78
IDX10	90 90 64 54 57 67 92 92 80 57
IDX10	68 65 91 91 94 68 79 77 53 53
IDX10	55 79 6 32 42 42 17 6 8 19
IDX10	44 44 34 8 20 18 43 43 46 20
IDX	33
IDX	31
IDX	5
IDX	5
IDX	7
IDX	33

ATTR_no_blend

TRIS	0 156
