I
800	# Converted by FS2XPlane 3.26
OBJ

# file LEGU_BUILDING.bgl

TEXTURE		LEGU_PuertaMetal.dds
POINT_COUNTS	20 0 0 30

VT	   7.272    3.972   32.376	-0.909  0.000  0.416	52.0973 3.8700
VT	   7.272    0.104   32.376	-0.909  0.000  0.416	52.0973 0.0000
VT	   9.252    3.972   36.692	-0.909  0.000  0.416	47.3473 3.8700
VT	   9.252    0.104   36.692	-0.909  0.000  0.416	47.3473 0.0000
VT	  11.104    4.172   40.428	 0.416  0.000  0.909	-13.1656 4.0700
VT	  11.104    4.172   40.428	 0.000 -1.000 -0.000	-6.0135 44.7401
VT	  11.104    0.104   40.428	 0.416  0.000  0.909	-13.1656 0.0000
VT	  11.140    4.172   40.412	 0.416  0.000  0.909	-13.2056 4.0700
VT	  11.140    4.172   40.412	 0.000 -1.000 -0.000	-5.9771 44.7567
VT	  11.140    4.172   40.412	-0.909  0.000  0.416	43.1799 4.0700
VT	  11.140    0.104   40.412	 0.416  0.000  0.909	-13.2056 0.0000
VT	  11.140    0.104   40.412	-0.909  0.000  0.416	43.1799 0.0000
VT	  13.196    4.172   44.992	 0.000 -1.000 -0.000	-3.9228 40.1762
VT	  13.196    4.172   44.992	-0.416  0.000 -0.909	13.1656 4.0700
VT	  13.196    0.104   44.992	-0.416  0.000 -0.909	13.1656 0.0000
VT	  13.232    4.172   44.976	 0.000 -1.000 -0.000	-3.8864 40.1928
VT	  13.232    4.172   44.976	-0.416  0.000 -0.909	13.2056 4.0700
VT	  13.232    4.172   44.976	-0.909  0.000  0.416	38.1599 4.0700
VT	  13.232    0.104   44.976	-0.416  0.000 -0.909	13.2056 0.0000
VT	  13.232    0.104   44.976	-0.909  0.000  0.416	38.1599 0.0000

IDX10	5 8 12 15 12 8 18 14 16 13
IDX10	16 14 19 17 11 9 11 17 10 7
IDX10	6 4 6 7 3 2 1 0 1 2

ATTR_no_blend

TRIS	0 30
