I
800	# Converted by FS2XPlane 3.23
OBJ

# object 4123ccfee2e758eecfe69c3feb3bd355 in file library_lightpoles.bgl

TEXTURE		FS2X-palette.dds
POINT_COUNTS	24 0 0 36

VT	  -0.608   16.060    0.004	-0.026 -0.114  0.993	0.9922 0.9922
VT	  -0.608   16.060    0.004	 0.049 -0.992 -0.112	0.9922 0.9922
VT	  -0.608   16.060    0.004	 0.998  0.045  0.032	0.9922 0.9922
VT	  -0.728   16.452    0.044	-0.026 -0.114  0.993	0.9922 0.9922
VT	  -0.728   16.452    0.044	-0.998 -0.045 -0.032	0.9922 0.9922
VT	  -0.728   16.452    0.044	-0.049  0.992  0.112	0.9922 0.9922
VT	  -0.708   16.056   -0.000	-0.026 -0.114  0.993	0.9922 0.9922
VT	  -0.708   16.056   -0.000	-0.998 -0.045 -0.032	0.9922 0.9922
VT	  -0.708   16.056   -0.000	 0.049 -0.992 -0.112	0.9922 0.9922
VT	  -0.628   16.456    0.048	-0.026 -0.114  0.993	0.9922 0.9922
VT	  -0.628   16.456    0.048	-0.049  0.992  0.112	0.9922 0.9922
VT	  -0.628   16.456    0.048	 0.998  0.045  0.032	0.9922 0.9922
VT	  -0.724   16.464   -0.056	-0.998 -0.045 -0.032	0.9922 0.9922
VT	  -0.724   16.464   -0.056	-0.049  0.992  0.112	0.9922 0.9922
VT	  -0.724   16.464   -0.056	 0.026  0.114 -0.993	0.9922 0.9922
VT	  -0.704   16.068   -0.100	-0.998 -0.045 -0.032	0.9922 0.9922
VT	  -0.704   16.068   -0.100	 0.049 -0.992 -0.112	0.9922 0.9922
VT	  -0.704   16.068   -0.100	 0.026  0.114 -0.993	0.9922 0.9922
VT	  -0.624   16.468   -0.052	-0.049  0.992  0.112	0.9922 0.9922
VT	  -0.624   16.468   -0.052	 0.998  0.045  0.032	0.9922 0.9922
VT	  -0.624   16.468   -0.052	 0.026  0.114 -0.993	0.9922 0.9922
VT	  -0.604   16.072   -0.096	 0.049 -0.992 -0.112	0.9922 0.9922
VT	  -0.604   16.072   -0.096	 0.998  0.045  0.032	0.9922 0.9922
VT	  -0.604   16.072   -0.096	 0.026  0.114 -0.993	0.9922 0.9922

IDX10	9 0 6 19 22 2 2 11 19 14
IDX10	17 23 23 20 14 4 7 15 15 12
IDX10	4 8 1 21 21 16 8 5 13 18
IDX	18
IDX	10
IDX	5
IDX	6
IDX	3
IDX	9

ATTR_no_blend

TRIS	0 36
