I
800	# Converted by FS2XPlane 3.11
OBJ

# object 47454f4657494c4cffff0001ffff00b8 in file gw_people.BGL scaled x0.74

TEXTURE		peeps02.png
POINT_COUNTS	48 0 0 72

VT	  -0.332    0.000   -0.036	-1.000  0.000  0.000	0.4877 0.4877
VT	  -0.332    0.000   -0.036	 0.000 -1.000  0.000	0.9995 0.9995
VT	  -0.332    0.000   -0.036	 0.000  0.000 -1.000	0.4790 0.7568
VT	  -0.332    0.000    0.036	-1.000  0.000  0.000	0.5123 0.4877
VT	  -0.332    0.000    0.036	 0.000 -1.000  0.000	0.9995 0.0005
VT	  -0.332    0.000    0.036	 0.000  0.000  1.000	0.3932 0.7556
VT	  -0.332    1.332   -0.036	-1.000  0.000  0.000	0.4877 0.5123
VT	  -0.332    1.332   -0.036	 0.000  0.000 -1.000	0.4790 0.9982
VT	  -0.332    1.332   -0.036	 0.000  1.000  0.000	0.4877 0.5123
VT	  -0.332    1.332    0.036	-1.000  0.000  0.000	0.5123 0.5123
VT	  -0.332    1.332    0.036	 0.000  0.000  1.000	0.3932 0.9982
VT	  -0.332    1.332    0.036	 0.000  1.000  0.000	0.4877 0.4877
VT	   0.332    0.000   -0.036	 0.000 -1.000  0.000	0.0005 0.9995
VT	   0.332    0.000   -0.036	 0.000  0.000 -1.000	0.3937 0.7568
VT	   0.332    0.000   -0.036	 1.000  0.000  0.000	0.5123 0.4877
VT	   0.332    0.000    0.036	 0.000 -1.000  0.000	0.0005 0.0005
VT	   0.332    0.000    0.036	 0.000  0.000  1.000	0.4814 0.7556
VT	   0.332    0.000    0.036	 1.000  0.000  0.000	0.4877 0.4877
VT	   0.332    1.332   -0.036	 0.000  0.000 -1.000	0.3937 0.9982
VT	   0.332    1.332   -0.036	 0.000  1.000  0.000	0.5123 0.5123
VT	   0.332    1.332   -0.036	 1.000  0.000  0.000	0.5123 0.5123
VT	   0.332    1.332    0.036	 0.000  0.000  1.000	0.4814 0.9982
VT	   0.332    1.332    0.036	 0.000  1.000  0.000	0.5123 0.4877
VT	   0.332    1.332    0.036	 1.000  0.000  0.000	0.4877 0.5123
VT	   0.524    0.000   -0.068	-0.917  0.000 -0.399	0.5123 0.4877
VT	   0.524    0.000   -0.068	-0.399  0.000  0.917	0.0200 0.7508
VT	   0.524    0.000   -0.068	 0.000 -1.000  0.000	0.9995 0.0005
VT	   0.524    1.332   -0.068	-0.917  0.000 -0.399	0.5123 0.5123
VT	   0.524    1.332   -0.068	-0.399  0.000  0.917	0.0200 0.9969
VT	   0.524    1.332   -0.068	 0.000  1.000  0.000	0.4877 0.4877
VT	   0.554    0.000   -0.136	-0.917  0.000 -0.399	0.4877 0.4877
VT	   0.554    0.000   -0.136	 0.000 -1.000  0.000	0.9995 0.9995
VT	   0.554    0.000   -0.136	 0.399  0.000 -0.917	0.1194 0.7532
VT	   0.554    1.332   -0.136	-0.917  0.000 -0.399	0.4877 0.5123
VT	   0.554    1.332   -0.136	 0.000  1.000  0.000	0.4877 0.5123
VT	   0.554    1.332   -0.136	 0.399  0.000 -0.917	0.1194 0.9956
VT	   1.134    0.000    0.198	-0.399  0.000  0.917	0.1215 0.7508
VT	   1.134    0.000    0.198	 0.000 -1.000  0.000	0.0005 0.0005
VT	   1.134    0.000    0.198	 0.917  0.000  0.399	0.4877 0.4877
VT	   1.134    1.332    0.198	-0.399  0.000  0.917	0.1215 0.9969
VT	   1.134    1.332    0.198	 0.000  1.000  0.000	0.5123 0.4877
VT	   1.134    1.332    0.198	 0.917  0.000  0.399	0.4877 0.5123
VT	   1.163    0.000    0.130	 0.000 -1.000  0.000	0.0005 0.9995
VT	   1.163    0.000    0.130	 0.399  0.000 -0.917	0.0200 0.7532
VT	   1.163    0.000    0.130	 0.917  0.000  0.399	0.5123 0.4877
VT	   1.163    1.332    0.130	 0.000  1.000  0.000	0.5123 0.5123
VT	   1.163    1.332    0.130	 0.399  0.000 -0.917	0.0200 0.9956
VT	   1.163    1.332    0.130	 0.917  0.000  0.399	0.5123 0.5123

IDX10	30 33 27 27 24 30 43 46 35 35
IDX10	32 43 38 41 47 47 44 38 25 28
IDX10	39 39 36 25 29 34 45 45 40 29
IDX10	26 37 42 42 31 26 0 6 9 9
IDX10	3 0 13 18 7 7 2 13 17 23
IDX10	20 20 14 17 5 10 21 21 16 5
IDX10	11 8 19 19 22 11 4 15 12 12
IDX	1
IDX	4

ATTR_no_blend

TRIS	0 72
