I
800	# Converted by FS2XPlane 3.11
OBJ

# object 4f817bf14ff20d46a5d2b0b9d8e09e4e in file Ampuriabrava_LEAP_.BGL

TEXTURE		Campisem.png
POINT_COUNTS	96 0 0 156

VT	-218.752    0.020 -148.528	 0.000  1.000  0.000	0.0049 0.0027
VT	-204.492    0.020 -100.604	 0.000  1.000  0.000	0.0047 0.4989
VT	-193.584    0.000 -156.080	-0.958  0.000  0.285	0.0000 1.0000
VT	-193.584    0.000 -156.080	-0.285  0.000 -0.958	0.0000 1.0000
VT	-193.584    2.440 -156.080	-0.958  0.000  0.285	0.0000 1.0000
VT	-193.584    2.440 -156.080	-0.285  0.000 -0.958	0.0000 1.0000
VT	-193.584    2.440 -156.080	 0.000  1.000  0.000	0.0000 1.0000
VT	-193.580    2.320 -156.080	-0.285  0.000 -0.958	0.0000 1.0000
VT	-193.580    2.320 -156.080	 0.000 -1.000  0.000	0.0000 1.0000
VT	-193.548    0.000 -155.964	-0.958  0.000  0.285	0.0000 1.0000
VT	-193.548    0.000 -155.964	 0.285  0.000  0.958	0.0000 1.0000
VT	-193.548    2.440 -155.964	-0.958  0.000  0.285	0.0000 1.0000
VT	-193.548    2.440 -155.964	 0.000  1.000  0.000	0.0000 1.0000
VT	-193.548    2.440 -155.964	 0.285  0.000  0.958	0.0000 1.0000
VT	-193.544    2.320 -155.964	 0.000 -1.000  0.000	0.0000 1.0000
VT	-193.544    2.320 -155.964	 0.285  0.000  0.958	0.0000 1.0000
VT	-193.468    0.000 -156.116	-0.285  0.000 -0.958	0.0000 1.0000
VT	-193.468    0.000 -156.116	 0.958  0.000 -0.285	0.0000 1.0000
VT	-193.468    2.440 -156.116	-0.285  0.000 -0.958	0.0000 1.0000
VT	-193.468    2.440 -156.116	 0.958  0.000 -0.285	0.0000 1.0000
VT	-193.432    0.000 -156.000	 0.285  0.000  0.958	0.0000 1.0000
VT	-193.432    0.000 -156.000	 0.958  0.000 -0.285	0.0000 1.0000
VT	-193.432    2.440 -156.000	 0.285  0.000  0.958	0.0000 1.0000
VT	-193.432    2.440 -156.000	 0.958  0.000 -0.285	0.0000 1.0000
VT	-190.232    0.020  -52.680	 0.000  1.000  0.000	0.0047 0.0034
VT	-186.564    0.000 -158.168	-0.958  0.000  0.285	0.0000 1.0000
VT	-186.564    0.000 -158.168	-0.285  0.000 -0.958	0.0000 1.0000
VT	-186.564    2.440 -158.168	-0.958  0.000  0.285	0.0000 1.0000
VT	-186.564    2.440 -158.168	-0.285  0.000 -0.958	0.0000 1.0000
VT	-186.532    0.000 -158.052	-0.958  0.000  0.285	0.0000 1.0000
VT	-186.532    0.000 -158.052	 0.285  0.000  0.958	0.0000 1.0000
VT	-186.532    2.440 -158.052	-0.958  0.000  0.285	0.0000 1.0000
VT	-186.532    2.440 -158.052	 0.285  0.000  0.958	0.0000 1.0000
VT	-186.452    2.320 -158.200	-0.285  0.000 -0.958	0.0000 1.0000
VT	-186.452    2.320 -158.200	 0.000 -1.000  0.000	0.0000 1.0000
VT	-186.452    2.440 -158.200	-0.285  0.000 -0.958	0.0000 1.0000
VT	-186.452    2.440 -158.200	 0.000  1.000  0.000	0.0000 1.0000
VT	-186.448    0.000 -158.204	-0.285  0.000 -0.958	0.0000 1.0000
VT	-186.448    0.000 -158.204	 0.958  0.000 -0.285	0.0000 1.0000
VT	-186.448    2.440 -158.204	-0.285  0.000 -0.958	0.0000 1.0000
VT	-186.448    2.440 -158.204	 0.958  0.000 -0.285	0.0000 1.0000
VT	-186.420    2.320 -158.084	 0.000 -1.000  0.000	0.0000 1.0000
VT	-186.420    2.320 -158.084	 0.285  0.000  0.958	0.0000 1.0000
VT	-186.420    2.440 -158.084	 0.000  1.000  0.000	0.0000 1.0000
VT	-186.420    2.440 -158.084	 0.285  0.000  0.958	0.0000 1.0000
VT	-186.416    0.000 -158.088	 0.285  0.000  0.958	0.0000 1.0000
VT	-186.416    0.000 -158.088	 0.958  0.000 -0.285	0.0000 1.0000
VT	-186.416    2.440 -158.088	 0.285  0.000  0.958	0.0000 1.0000
VT	-186.416    2.440 -158.088	 0.958  0.000 -0.285	0.0000 1.0000
VT	-165.064    0.000  -60.236	-0.958  0.000  0.285	0.0000 1.0000
VT	-165.064    0.000  -60.236	-0.285  0.000 -0.958	0.0000 1.0000
VT	-165.064    2.440  -60.236	-0.958  0.000  0.285	0.0000 1.0000
VT	-165.064    2.440  -60.236	-0.285  0.000 -0.958	0.0000 1.0000
VT	-165.064    2.440  -60.236	 0.000  1.000  0.000	0.0000 1.0000
VT	-165.060    2.320  -60.236	-0.285  0.000 -0.958	0.0000 1.0000
VT	-165.060    2.320  -60.236	 0.000 -1.000  0.000	0.0000 1.0000
VT	-165.028    0.000  -60.120	-0.958  0.000  0.285	0.0000 1.0000
VT	-165.028    0.000  -60.120	 0.285  0.000  0.958	0.0000 1.0000
VT	-165.028    2.320  -60.120	 0.000 -1.000  0.000	0.0000 1.0000
VT	-165.028    2.320  -60.120	 0.285  0.000  0.958	0.0000 1.0000
VT	-165.028    2.440  -60.120	-0.958  0.000  0.285	0.0000 1.0000
VT	-165.028    2.440  -60.120	 0.000  1.000  0.000	0.0000 1.0000
VT	-165.028    2.440  -60.120	 0.285  0.000  0.958	0.0000 1.0000
VT	-164.948    0.000  -60.268	-0.285  0.000 -0.958	0.0000 1.0000
VT	-164.948    0.000  -60.268	 0.958  0.000 -0.285	0.0000 1.0000
VT	-164.948    2.440  -60.268	-0.285  0.000 -0.958	0.0000 1.0000
VT	-164.948    2.440  -60.268	 0.958  0.000 -0.285	0.0000 1.0000
VT	-164.912    0.000  -60.152	 0.285  0.000  0.958	0.0000 1.0000
VT	-164.912    0.000  -60.152	 0.958  0.000 -0.285	0.0000 1.0000
VT	-164.912    2.440  -60.152	 0.285  0.000  0.958	0.0000 1.0000
VT	-164.912    2.440  -60.152	 0.958  0.000 -0.285	0.0000 1.0000
VT	-161.244    0.020 -165.640	 0.000  1.000  0.000	0.6006 0.0027
VT	-158.048    0.000  -62.324	-0.958  0.000  0.285	0.0000 1.0000
VT	-158.048    0.000  -62.324	-0.285  0.000 -0.958	0.0000 1.0000
VT	-158.048    2.440  -62.324	-0.958  0.000  0.285	0.0000 1.0000
VT	-158.048    2.440  -62.324	-0.285  0.000 -0.958	0.0000 1.0000
VT	-158.012    0.000  -62.208	-0.958  0.000  0.285	0.0000 1.0000
VT	-158.012    0.000  -62.208	 0.285  0.000  0.958	0.0000 1.0000
VT	-158.012    2.440  -62.208	-0.958  0.000  0.285	0.0000 1.0000
VT	-158.012    2.440  -62.208	 0.285  0.000  0.958	0.0000 1.0000
VT	-157.936    2.320  -62.356	-0.285  0.000 -0.958	0.0000 1.0000
VT	-157.936    2.320  -62.356	 0.000 -1.000  0.000	0.0000 1.0000
VT	-157.936    2.440  -62.356	-0.285  0.000 -0.958	0.0000 1.0000
VT	-157.936    2.440  -62.356	 0.000  1.000  0.000	0.0000 1.0000
VT	-157.936    2.440  -62.356	 0.958  0.000 -0.285	0.0000 1.0000
VT	-157.932    0.000  -62.356	-0.285  0.000 -0.958	0.0000 1.0000
VT	-157.932    0.000  -62.356	 0.958  0.000 -0.285	0.0000 1.0000
VT	-157.900    2.320  -62.240	 0.000 -1.000  0.000	0.0000 1.0000
VT	-157.900    2.320  -62.240	 0.285  0.000  0.958	0.0000 1.0000
VT	-157.900    2.440  -62.240	 0.000  1.000  0.000	0.0000 1.0000
VT	-157.900    2.440  -62.240	 0.285  0.000  0.958	0.0000 1.0000
VT	-157.900    2.440  -62.240	 0.958  0.000 -0.285	0.0000 1.0000
VT	-157.896    0.000  -62.240	 0.285  0.000  0.958	0.0000 1.0000
VT	-157.896    0.000  -62.240	 0.958  0.000 -0.285	0.0000 1.0000
VT	-146.984    0.020 -117.716	 0.000  1.000  0.000	0.6003 0.4989
VT	-132.724    0.020  -69.792	 0.000  1.000  0.000	0.6003 0.0034

IDX10	94 95 24 24 1 94 71 94 1 1
IDX10	0 71 22 20 10 10 13 22 19 17
IDX10	21 21 23 19 5 3 16 16 18 5
IDX10	11 9 2 2 4 11 47 45 30 30
IDX10	32 47 40 38 46 46 48 40 28 26
IDX10	37 37 39 28 31 29 25 25 27 31
IDX10	69 67 57 57 62 69 66 64 68 68
IDX10	70 66 52 50 63 63 65 52 60 56
IDX10	49 49 51 60 90 92 77 77 79 90
IDX10	84 86 93 93 91 84 75 73 85 85
IDX10	82 75 78 76 72 72 74 78 81 55
IDX10	58 58 87 81 83 89 61 61 53 83
IDX10	90 88 59 59 62 90 52 54 80 80
IDX10	82 52 34 8 14 14 41 34 36 43
IDX10	12 12 6 36 44 42 15 15 13 44
IDX	5
IDX	7
IDX	33
IDX	33
IDX	35
IDX	5

ATTR_no_blend

TRIS	0 156
