I
800	# Converted by FS2XPlane 3.11
OBJ

# object 5c8e9ab4444bad32c02c32a8ca631e05 in file Ampuriabrava_LEAP_.BGL

TEXTURE		bmp.png
POINT_COUNTS	48 0 0 72

VT	 -29.324    0.000  279.180	-0.958  0.000  0.285	0.0000 1.0000
VT	 -29.324    0.000  279.180	-0.285  0.000 -0.959	0.0000 1.0000
VT	 -29.324    1.064  279.180	-0.958  0.000  0.285	0.0000 1.0000
VT	 -29.324    1.064  279.180	-0.285  0.000 -0.959	0.0000 1.0000
VT	 -29.324    1.064  279.180	 0.000  1.000  0.000	0.0000 1.0000
VT	 -29.292    0.000  279.292	-0.958  0.000  0.285	0.0000 1.0000
VT	 -29.292    0.000  279.292	 0.285  0.000  0.958	0.0000 1.0000
VT	 -29.292    1.064  279.292	-0.958  0.000  0.285	0.0000 1.0000
VT	 -29.292    1.064  279.292	 0.000  1.000  0.000	0.0000 1.0000
VT	 -29.292    1.064  279.292	 0.285  0.000  0.958	0.0000 1.0000
VT	 -29.212    0.000  279.144	-0.285  0.000 -0.959	0.0000 1.0000
VT	 -29.212    0.000  279.144	 0.958  0.000 -0.285	0.0000 1.0000
VT	 -29.212    1.064  279.144	-0.285  0.000 -0.959	0.0000 1.0000
VT	 -29.212    1.064  279.144	 0.000  1.000  0.000	0.0000 1.0000
VT	 -29.212    1.064  279.144	 0.958  0.000 -0.285	0.0000 1.0000
VT	 -29.196    0.900  279.200	-0.285  0.000 -0.958	0.0000 1.0000
VT	 -29.196    0.900  279.200	 0.285  0.000  0.958	0.0000 1.0000
VT	 -29.196    1.000  279.200	-0.285  0.000 -0.958	0.0000 1.0000
VT	 -29.196    1.000  279.200	 0.285  0.000  0.958	0.0000 1.0000
VT	 -29.176    0.000  279.260	 0.285  0.000  0.958	0.0000 1.0000
VT	 -29.176    0.000  279.260	 0.958  0.000 -0.285	0.0000 1.0000
VT	 -29.176    1.064  279.260	 0.000  1.000  0.000	0.0000 1.0000
VT	 -29.176    1.064  279.260	 0.285  0.000  0.958	0.0000 1.0000
VT	 -29.176    1.064  279.260	 0.958  0.000 -0.285	0.0000 1.0000
VT	 -17.044    0.000  275.524	-0.958  0.000  0.285	0.0000 1.0000
VT	 -17.044    0.000  275.524	-0.285  0.000 -0.958	0.0000 1.0000
VT	 -17.044    1.064  275.524	-0.958  0.000  0.285	0.0000 1.0000
VT	 -17.044    1.064  275.524	-0.285  0.000 -0.958	0.0000 1.0000
VT	 -17.044    1.064  275.524	 0.000  1.000  0.000	0.0000 1.0000
VT	 -17.028    0.900  275.580	-0.285  0.000 -0.958	0.0000 1.0000
VT	 -17.028    0.900  275.580	 0.285  0.000  0.958	0.0000 1.0000
VT	 -17.028    1.000  275.580	-0.285  0.000 -0.958	0.0000 1.0000
VT	 -17.028    1.000  275.580	 0.285  0.000  0.958	0.0000 1.0000
VT	 -17.008    0.000  275.640	-0.958  0.000  0.285	0.0000 1.0000
VT	 -17.008    0.000  275.640	 0.285  0.000  0.958	0.0000 1.0000
VT	 -17.008    1.064  275.640	-0.958  0.000  0.285	0.0000 1.0000
VT	 -17.008    1.064  275.640	 0.000  1.000  0.000	0.0000 1.0000
VT	 -17.008    1.064  275.640	 0.285  0.000  0.958	0.0000 1.0000
VT	 -16.928    0.000  275.488	-0.285  0.000 -0.958	0.0000 1.0000
VT	 -16.928    0.000  275.488	 0.958  0.000 -0.285	0.0000 1.0000
VT	 -16.928    1.064  275.488	-0.285  0.000 -0.958	0.0000 1.0000
VT	 -16.928    1.064  275.488	 0.000  1.000  0.000	0.0000 1.0000
VT	 -16.928    1.064  275.488	 0.958  0.000 -0.285	0.0000 1.0000
VT	 -16.892    0.000  275.604	 0.285  0.000  0.958	0.0000 1.0000
VT	 -16.892    0.000  275.604	 0.958  0.000 -0.285	0.0000 1.0000
VT	 -16.892    1.064  275.604	 0.000  1.000  0.000	0.0000 1.0000
VT	 -16.892    1.064  275.604	 0.285  0.000  0.958	0.0000 1.0000
VT	 -16.892    1.064  275.604	 0.958  0.000 -0.285	0.0000 1.0000

IDX10	29 31 17 17 15 29 16 18 32 32
IDX10	30 16 24 26 35 35 33 24 38 40
IDX10	27 27 25 38 44 47 42 42 39 44
IDX10	34 37 46 46 43 34 36 28 41 41
IDX10	45 36 0 2 7 7 5 0 10 12
IDX10	3 3 1 10 20 23 14 14 11 20
IDX10	6 9 22 22 19 6 8 4 13 13
IDX	21
IDX	8

ATTR_no_blend

TRIS	0 72
