I
800	# Converted by FS2XPlane 3.11
OBJ

# object e26a0ab64e03c592c1f2ecaad2017728 in file Ampuriabrava_LEAP_.BGL

TEXTURE		bmp.png
POINT_COUNTS	48 0 0 72

VT	 -47.500    0.000  332.888	-0.958  0.000  0.285	0.0000 1.0000
VT	 -47.500    0.000  332.888	-0.285  0.000 -0.958	0.0000 1.0000
VT	 -47.500    1.064  332.888	-0.958  0.000  0.285	0.0000 1.0000
VT	 -47.500    1.064  332.888	-0.285  0.000 -0.958	0.0000 1.0000
VT	 -47.500    1.064  332.888	 0.000  1.000  0.000	0.0000 1.0000
VT	 -47.464    0.000  333.004	-0.958  0.000  0.285	0.0000 1.0000
VT	 -47.464    0.000  333.004	 0.285  0.000  0.959	0.0000 1.0000
VT	 -47.464    1.064  333.004	-0.958  0.000  0.285	0.0000 1.0000
VT	 -47.464    1.064  333.004	 0.000  1.000  0.000	0.0000 1.0000
VT	 -47.464    1.064  333.004	 0.285  0.000  0.959	0.0000 1.0000
VT	 -47.384    0.000  332.852	-0.285  0.000 -0.958	0.0000 1.0000
VT	 -47.384    0.000  332.852	 0.958  0.000 -0.285	0.0000 1.0000
VT	 -47.384    1.064  332.852	-0.285  0.000 -0.958	0.0000 1.0000
VT	 -47.384    1.064  332.852	 0.000  1.000  0.000	0.0000 1.0000
VT	 -47.384    1.064  332.852	 0.958  0.000 -0.285	0.0000 1.0000
VT	 -47.368    0.900  332.912	-0.285  0.000 -0.958	0.0000 1.0000
VT	 -47.368    0.900  332.912	 0.285  0.000  0.958	0.0000 1.0000
VT	 -47.368    1.000  332.912	-0.285  0.000 -0.958	0.0000 1.0000
VT	 -47.368    1.000  332.912	 0.285  0.000  0.958	0.0000 1.0000
VT	 -47.352    0.000  332.968	 0.285  0.000  0.959	0.0000 1.0000
VT	 -47.352    0.000  332.968	 0.958  0.000 -0.285	0.0000 1.0000
VT	 -47.352    1.064  332.968	 0.000  1.000  0.000	0.0000 1.0000
VT	 -47.352    1.064  332.968	 0.285  0.000  0.959	0.0000 1.0000
VT	 -47.352    1.064  332.968	 0.958  0.000 -0.285	0.0000 1.0000
VT	 -35.216    0.000  329.232	-0.958  0.000  0.285	0.0000 1.0000
VT	 -35.216    0.000  329.232	-0.285  0.000 -0.958	0.0000 1.0000
VT	 -35.216    1.064  329.232	-0.958  0.000  0.285	0.0000 1.0000
VT	 -35.216    1.064  329.232	-0.285  0.000 -0.958	0.0000 1.0000
VT	 -35.216    1.064  329.232	 0.000  1.000  0.000	0.0000 1.0000
VT	 -35.200    0.900  329.288	-0.285  0.000 -0.958	0.0000 1.0000
VT	 -35.200    0.900  329.288	 0.285  0.000  0.958	0.0000 1.0000
VT	 -35.200    1.000  329.288	-0.285  0.000 -0.958	0.0000 1.0000
VT	 -35.200    1.000  329.288	 0.285  0.000  0.958	0.0000 1.0000
VT	 -35.184    0.000  329.348	-0.958  0.000  0.285	0.0000 1.0000
VT	 -35.184    0.000  329.348	 0.285  0.000  0.958	0.0000 1.0000
VT	 -35.184    1.064  329.348	-0.958  0.000  0.285	0.0000 1.0000
VT	 -35.184    1.064  329.348	 0.000  1.000  0.000	0.0000 1.0000
VT	 -35.184    1.064  329.348	 0.285  0.000  0.958	0.0000 1.0000
VT	 -35.100    0.000  329.200	-0.285  0.000 -0.958	0.0000 1.0000
VT	 -35.100    0.000  329.200	 0.958  0.000 -0.285	0.0000 1.0000
VT	 -35.100    1.064  329.200	-0.285  0.000 -0.958	0.0000 1.0000
VT	 -35.100    1.064  329.200	 0.000  1.000  0.000	0.0000 1.0000
VT	 -35.100    1.064  329.200	 0.958  0.000 -0.285	0.0000 1.0000
VT	 -35.068    0.000  329.312	 0.285  0.000  0.958	0.0000 1.0000
VT	 -35.068    0.000  329.312	 0.958  0.000 -0.285	0.0000 1.0000
VT	 -35.068    1.064  329.312	 0.000  1.000  0.000	0.0000 1.0000
VT	 -35.068    1.064  329.312	 0.285  0.000  0.958	0.0000 1.0000
VT	 -35.068    1.064  329.312	 0.958  0.000 -0.285	0.0000 1.0000

IDX10	29 31 17 17 15 29 16 18 32 32
IDX10	30 16 24 26 35 35 33 24 38 40
IDX10	27 27 25 38 44 47 42 42 39 44
IDX10	34 37 46 46 43 34 36 28 41 41
IDX10	45 36 0 2 7 7 5 0 10 12
IDX10	3 3 1 10 20 23 14 14 11 20
IDX10	6 9 22 22 19 6 8 4 13 13
IDX	21
IDX	8

ATTR_no_blend

TRIS	0 72
