I
800	# Converted by FS2XPlane 3.11
OBJ

# object ee7228214a60a334e9112da8bb30506d in file Ampuriabrava_LEAP_.BGL

TEXTURE		bmp.png
POINT_COUNTS	48 0 0 72

VT	 -31.140    0.000  328.020	-0.958  0.000  0.285	0.0000 1.0000
VT	 -31.140    0.000  328.020	-0.285  0.000 -0.958	0.0000 1.0000
VT	 -31.140    1.064  328.020	-0.958  0.000  0.285	0.0000 1.0000
VT	 -31.140    1.064  328.020	-0.285  0.000 -0.958	0.0000 1.0000
VT	 -31.140    1.064  328.020	 0.000  1.000  0.000	0.0000 1.0000
VT	 -31.104    0.000  328.136	-0.958  0.000  0.285	0.0000 1.0000
VT	 -31.104    0.000  328.136	 0.285  0.000  0.959	0.0000 1.0000
VT	 -31.104    1.064  328.136	-0.958  0.000  0.285	0.0000 1.0000
VT	 -31.104    1.064  328.136	 0.000  1.000  0.000	0.0000 1.0000
VT	 -31.104    1.064  328.136	 0.285  0.000  0.959	0.0000 1.0000
VT	 -31.024    0.000  327.984	-0.285  0.000 -0.958	0.0000 1.0000
VT	 -31.024    0.000  327.984	 0.958  0.000 -0.285	0.0000 1.0000
VT	 -31.024    1.064  327.984	-0.285  0.000 -0.958	0.0000 1.0000
VT	 -31.024    1.064  327.984	 0.000  1.000  0.000	0.0000 1.0000
VT	 -31.024    1.064  327.984	 0.958  0.000 -0.285	0.0000 1.0000
VT	 -31.008    0.900  328.044	-0.285  0.000 -0.958	0.0000 1.0000
VT	 -31.008    0.900  328.044	 0.285  0.000  0.958	0.0000 1.0000
VT	 -31.008    1.000  328.044	-0.285  0.000 -0.958	0.0000 1.0000
VT	 -31.008    1.000  328.044	 0.285  0.000  0.958	0.0000 1.0000
VT	 -30.988    0.000  328.100	 0.285  0.000  0.959	0.0000 1.0000
VT	 -30.988    0.000  328.100	 0.958  0.000 -0.285	0.0000 1.0000
VT	 -30.988    1.064  328.100	 0.000  1.000  0.000	0.0000 1.0000
VT	 -30.988    1.064  328.100	 0.285  0.000  0.959	0.0000 1.0000
VT	 -30.988    1.064  328.100	 0.958  0.000 -0.285	0.0000 1.0000
VT	 -18.856    0.000  324.364	-0.958  0.000  0.285	0.0000 1.0000
VT	 -18.856    0.000  324.364	-0.285  0.000 -0.958	0.0000 1.0000
VT	 -18.856    1.064  324.364	-0.958  0.000  0.285	0.0000 1.0000
VT	 -18.856    1.064  324.364	-0.285  0.000 -0.958	0.0000 1.0000
VT	 -18.856    1.064  324.364	 0.000  1.000  0.000	0.0000 1.0000
VT	 -18.840    0.900  324.420	-0.285  0.000 -0.958	0.0000 1.0000
VT	 -18.840    0.900  324.420	 0.285  0.000  0.958	0.0000 1.0000
VT	 -18.840    1.000  324.420	-0.285  0.000 -0.958	0.0000 1.0000
VT	 -18.840    1.000  324.420	 0.285  0.000  0.958	0.0000 1.0000
VT	 -18.820    0.000  324.480	-0.958  0.000  0.285	0.0000 1.0000
VT	 -18.820    0.000  324.480	 0.285  0.000  0.958	0.0000 1.0000
VT	 -18.820    1.064  324.480	-0.958  0.000  0.285	0.0000 1.0000
VT	 -18.820    1.064  324.480	 0.000  1.000  0.000	0.0000 1.0000
VT	 -18.820    1.064  324.480	 0.285  0.000  0.958	0.0000 1.0000
VT	 -18.740    0.000  324.332	-0.285  0.000 -0.958	0.0000 1.0000
VT	 -18.740    0.000  324.332	 0.958  0.000 -0.285	0.0000 1.0000
VT	 -18.740    1.064  324.332	-0.285  0.000 -0.958	0.0000 1.0000
VT	 -18.740    1.064  324.332	 0.000  1.000  0.000	0.0000 1.0000
VT	 -18.740    1.064  324.332	 0.958  0.000 -0.285	0.0000 1.0000
VT	 -18.708    0.000  324.444	 0.285  0.000  0.958	0.0000 1.0000
VT	 -18.708    0.000  324.444	 0.958  0.000 -0.285	0.0000 1.0000
VT	 -18.708    1.064  324.444	 0.000  1.000  0.000	0.0000 1.0000
VT	 -18.708    1.064  324.444	 0.285  0.000  0.958	0.0000 1.0000
VT	 -18.708    1.064  324.444	 0.958  0.000 -0.285	0.0000 1.0000

IDX10	29 31 17 17 15 29 16 18 32 32
IDX10	30 16 24 26 35 35 33 24 38 40
IDX10	27 27 25 38 44 47 42 42 39 44
IDX10	34 37 46 46 43 34 36 28 41 41
IDX10	45 36 0 2 7 7 5 0 10 12
IDX10	3 3 1 10 20 23 14 14 11 20
IDX10	6 9 22 22 19 6 8 4 13 13
IDX	21
IDX	8

ATTR_no_blend

TRIS	0 72
